-1.253587338622690908e+02
-2.340904948550399922e+02
-2.046907574980636753e+02
-1.848975972764347375e+02
-2.325749327866634815e+02
-2.648484402810066740e+02
-2.581131028220270309e+02
-2.386373563332830656e+02
-2.457489652691259323e+02
-2.268807589427168239e+02
-2.139372560141537463e+02
-2.074974932564055905e+02
-2.000265790365669716e+02
-1.902708684902050607e+02
-1.816218379378887278e+02
-1.821406177976007257e+02
-1.883545708968452459e+02
-1.833510323941891897e+02
-1.798770032819208495e+02
-1.834876329368325401e+02
-1.839069038537771235e+02
-1.897418370672081664e+02
-1.877852717663121780e+02
-1.865344378390637132e+02
-1.868449006792513671e+02
-1.836226393928784830e+02
-1.814531847652337149e+02
-1.790984879854822225e+02
-1.762524790404352757e+02
-1.754804565041130786e+02
-1.739101651761096150e+02
-1.719869162161677991e+02
-1.698652549937637559e+02
-1.743867876386090074e+02
-1.715337146579432783e+02
-1.677745120345083194e+02
-1.696628889815904699e+02
-1.683163961832597977e+02
-1.655658149029539175e+02
-1.622278002614021091e+02
-1.610746686947319972e+02
-1.599653550867705576e+02
-1.599259536114159630e+02
-1.591533140600023444e+02
-1.568989634097673900e+02
-1.538483215880049215e+02
-1.523702965452960711e+02
-1.503495652442500159e+02
-1.489274558059928211e+02
-1.463865939329543266e+02
-1.472541759700137334e+02
-1.458726809381869032e+02
-1.464147176031193567e+02
-1.439986875079607955e+02
-1.415876932063888489e+02
-1.396056573812804231e+02
-1.394355477435891544e+02
-1.392700336529594836e+02
-1.425053489610671704e+02
-1.414693393197864850e+02
-1.408111500275557546e+02
-1.449696837609728561e+02
-1.429837860548390722e+02
-1.431156801426965330e+02
-1.420734341805746794e+02
-1.395967724554622009e+02
-1.387147578048151786e+02
-1.372840412900030458e+02
-1.380792615049259382e+02
-1.371311386668144507e+02
-1.359657456499508896e+02
-1.356098595913495899e+02
-1.352936410570019632e+02
-1.347300663924055470e+02
-1.337982950882281727e+02
-1.331050239497999712e+02
-1.328602797573261967e+02
-1.321796077939490033e+02
-1.312796340267119604e+02
-1.329543874275274504e+02
-1.329602494280686642e+02
-1.317917468864664841e+02
-1.318407579173942850e+02
-1.310807382546529425e+02
-1.309656615708711911e+02
-1.302733579129428563e+02
-1.315800898301686175e+02
-1.312293800041154839e+02
-1.300938548311785041e+02
-1.295336235449448452e+02
-1.290092033208344162e+02
-1.280279306436675881e+02
-1.293259177894083507e+02
-1.285472020949867442e+02
-1.275746733016159027e+02
-1.268463659577598719e+02
-1.266077128806998786e+02
-1.260578650764988140e+02
-1.258820455035057790e+02
-1.249575305666064224e+02
-1.237686263268900433e+02
-1.211785364199097046e+02
-1.204962703224730944e+02
-1.197140506203464980e+02
-1.161640551838171689e+02
-1.126295819464363035e+02
-1.109137397407752132e+02
-1.102843793924579359e+02
-1.082800580868049849e+02
-1.079767445996942428e+02
-1.082536469098345009e+02
-1.079973816904456783e+02
-1.071299465465341001e+02
-1.072524068523814265e+02
-1.080500655160313244e+02
-1.065255439908092256e+02
-1.039975949597697280e+02
-1.034630822855747425e+02
-1.029629214762013305e+02
-1.024554528597542742e+02
-1.007550574961232144e+02
-9.788929514637320040e+01
-9.711912977595454777e+01
-9.561056326467566180e+01
-9.480615207539440803e+01
-9.421800812179729689e+01
-9.316667506854180658e+01
-9.233362015888620533e+01
-9.129477262968735829e+01
-9.014343552115137470e+01
-8.933221788518156359e+01
-8.795511588965368333e+01
-8.776626644959483770e+01
-8.328238084705725441e+01
-8.252451454778986317e+01
-8.274839724064305813e+01
-8.011067626407331943e+01
-7.844565078734332531e+01
-7.789447140965459937e+01
-7.771174149348165372e+01
-7.684568211513592928e+01
-7.631706753836492396e+01
-7.465495387804423899e+01
-7.345641767055728621e+01
-7.331264614679587055e+01
-7.282212697140333546e+01
-7.255868891943079291e+01
-7.120526167230005399e+01
-7.018712258310620200e+01
-7.004197133889130100e+01
-6.721222206179525926e+01
-6.645092811742802041e+01
-6.457949577754970960e+01
-6.521081372672826149e+01
-6.509051635903639976e+01
-6.469757199755973431e+01
-6.313105685867575545e+01
-6.155578618901259347e+01
-5.849396761283198742e+01
-5.794654422708156005e+01
-5.699561462250178323e+01
-5.271095234808367280e+01
-5.237222307578340974e+01
-5.115822716791589642e+01
-5.043943673495070357e+01
-5.161323155372624427e+01
-5.064468723127074412e+01
-5.015414403760576789e+01
-4.859397436095591871e+01
-4.823912005052812901e+01
-4.753413236104567829e+01
-4.647711774461228629e+01
-4.488502766510811881e+01
-4.381568729142885132e+01
-4.557419791852970548e+01
-4.526368703647369074e+01
-4.400274399075124876e+01
-4.312655525029330761e+01
-4.176628689434252806e+01
-3.849016186008750395e+01
-3.597113368800356881e+01
-3.539687647026702422e+01
-3.384333879381546950e+01
-3.292440141354234839e+01
-3.225826990077193557e+01
-3.247136183126298192e+01
-3.016522792876820347e+01
-3.002544133115585367e+01
-2.845377260914021633e+01
-2.790083192964714698e+01
-2.725797378514650404e+01
-2.655934985686544181e+01
-2.406969091284593532e+01
-2.379913521962447120e+01
-2.229944597255005334e+01
-2.072909391405593027e+01
-1.905275084010381548e+01
-1.687837015883160063e+01
-1.546216175034995111e+01
-1.539380567616589524e+01
-1.463348304446408754e+01
-1.305085807334979187e+01
-1.080361622769387608e+01
-1.089592442883751744e+01
-1.153703414822902751e+01
-1.097219265029005975e+01
-1.102580219417223439e+01
-1.048728954142891112e+01
-9.837672075296676866e+00
-9.868427908632467549e+00
-8.979856076994558123e+00
-7.712714806356849806e+00
-7.052214789185140553e+00
-5.384358328372317537e+00
-3.963933754739364712e+00
-2.348197092085078541e+00
-9.993861349121219151e-01
-1.722320867096408303e+00
-1.146703071393820217e+00
3.655519731967146191e-01
7.747264824914641412e-01
1.904939307977039364e+00
2.550103981396681707e+00
3.297858909705445374e+00
5.745490104063073034e+00
6.544191776282690221e+00
7.622242118995077753e+00
7.595920696336005307e+00
8.217745528650716835e+00
8.996350355671326682e+00
9.166577188704799539e+00
9.139235004253057681e+00
9.438327463741401857e+00
8.073519578752152981e+00
8.401666909515519421e+00
9.049408848874641365e+00
8.642989328210862965e+00
8.861640104417919162e+00
9.763349052165571251e+00
9.790336252931711059e+00
9.093594085568307506e+00
9.526897737997670035e+00
8.538712555259330372e+00
9.579469019281294351e+00
1.095961006048988651e+01
1.162115047960846681e+01
1.179471858567918652e+01
1.126204184261357710e+01
1.070841754157999759e+01
1.160013793661979165e+01
1.138018548008644615e+01
1.030123975504951517e+01
1.111249677212905596e+01
1.126553432262547716e+01
1.205820226829229114e+01
1.128122944162815244e+01
1.213396829494443807e+01
1.298055739298925992e+01
1.215546095491776413e+01
1.314684400026364486e+01
1.430803432786198037e+01
1.487949253571974140e+01
1.460237758239361661e+01
1.526643581579337727e+01
1.506383768910008314e+01
1.678136382009577687e+01
1.656294827268873959e+01
1.744097544824190749e+01
1.777972417716855702e+01
1.950617603860401417e+01
2.042843017703546948e+01
2.150718525469893905e+01
2.091435898202409760e+01
2.157383879032936491e+01
2.419534855077678515e+01
2.572319052056645816e+01
2.591418140625549427e+01
2.683343409019872539e+01
2.617132397963704449e+01
2.617144114786781373e+01
2.606375050571821816e+01
2.423877529706815537e+01
2.495756996123470728e+01
2.466405632675089521e+01
2.370783436251083742e+01
2.550804305361396374e+01
2.697778068699361853e+01
2.864115577469870999e+01
2.830175942489167795e+01
2.935996434328717086e+01
3.024786326118902835e+01
3.057085532073305245e+01
3.175639111176576179e+01
3.290647891859812546e+01
3.316124040662042205e+01
3.348605725033132074e+01
3.414190632284844185e+01
3.403857173772586719e+01
3.451480893580745857e+01
3.548408859830595929e+01
3.550152157416762577e+01
3.601834912597633576e+01
3.570312908054920342e+01
3.725193369420625800e+01
3.886788711386950723e+01
3.901561146072777575e+01
4.018335830160004463e+01
4.067301644746655143e+01
4.223465119493511111e+01
4.362569634075114777e+01
4.415860243091017878e+01
4.382493420453699429e+01
4.438683985879128358e+01
4.402721925578853046e+01
4.479168793066494914e+01
4.509958895312322369e+01
4.479411545571070974e+01
4.659043994835257507e+01
4.711574003252014364e+01
4.775797042309471152e+01
4.828521565033805274e+01
4.777556930137013325e+01
4.885528556443856019e+01
4.801814882550113595e+01
4.691161909938300312e+01
4.809813636717253615e+01
4.735205502330241956e+01
4.925243409630035529e+01
4.914019227267048961e+01
4.925047203993435829e+01
5.016534554131735746e+01
5.047607702018805043e+01
5.127042455013244648e+01
5.161360905063234839e+01
5.176472630991597157e+01
5.299188508287416255e+01
5.439154235727862385e+01
5.485110242766658217e+01
5.511109137301362182e+01
5.574701338314346799e+01
5.700135155649091701e+01
5.816910187354488926e+01
6.028947899187514281e+01
6.070701015056751970e+01
6.082584339561902453e+01
6.122446237343690001e+01
6.185095057218382664e+01
6.160595707015917810e+01
6.350268869917726988e+01
6.531067941575203406e+01
6.762156494423716424e+01
7.052483595930482352e+01
7.034560787125070647e+01
7.199956140811958960e+01
7.292490241771319859e+01
7.433784290559640340e+01
7.409755637577032417e+01
7.567823697302711139e+01
7.708136760171120727e+01
7.800465639339230961e+01
7.825035640894965638e+01
7.781956205445604269e+01
8.065933016577486114e+01
8.139916326560924631e+01
8.214574778090856455e+01
8.180086895097588240e+01
8.475195593720522425e+01
8.507766037598426578e+01
8.693927197169985277e+01
8.643211767378477361e+01
8.598209475514478584e+01
8.523345861708527593e+01
8.602473691114262522e+01
8.564278199551067416e+01
8.590476574857238745e+01
8.645550560878881186e+01
8.801998747780221777e+01
8.834135114745924966e+01
8.901138032774476017e+01
9.086035705233578597e+01
9.245329387639282004e+01
9.670405201088733804e+01
9.674984343083212934e+01
9.910826745748586575e+01
1.033171071993971850e+02
1.049068392426602827e+02
1.008199542794246497e+02
1.012745079860132336e+02
1.023994185146485876e+02
1.042135385861791832e+02
1.052638219830212734e+02
1.060208113616668584e+02
1.060431190599044413e+02
1.079686911468351695e+02
1.085126664352181791e+02
1.088424643137027488e+02
1.093196616607213230e+02
1.079146165930322354e+02
1.085466705651084283e+02
1.105836761787201112e+02
1.116785281307857787e+02
1.108047736782431087e+02
1.114005877479889222e+02
1.128093194379028006e+02
1.145881689429493662e+02
1.169067207651827971e+02
1.188843086015538404e+02
1.194565357297106090e+02
1.195447458113365542e+02
1.198336701595749219e+02
1.223142772999818533e+02
1.243857610825042741e+02
1.250477747745384249e+02
1.271529385522385240e+02
1.287987749145839587e+02
1.301113312114325424e+02
1.321320289162939901e+02
1.329868873898466006e+02
1.353528412366219982e+02
1.375453561075328821e+02
1.376861121795671181e+02
1.399447282747209726e+02
1.413849064688136821e+02
1.440686710771573473e+02
1.461790831698049260e+02
1.472628366917302003e+02
1.496820052708116293e+02
1.506137060176714613e+02
1.513594927438620061e+02
1.532028559894988575e+02
1.534464358297190927e+02
1.557343867272744546e+02
1.579128835176346968e+02
1.579466421936256779e+02
1.601284126772971774e+02
1.613273939951150453e+02
1.630142792311499420e+02
1.643467895933664806e+02
1.658888596811645471e+02
1.677557135971635489e+02
1.700097639782931935e+02
1.707854773690153252e+02
1.721478429902285541e+02
1.734875574306711030e+02
1.746598911400327552e+02
1.756999841800630691e+02
1.777377511014790059e+02
1.800286955310651820e+02
1.810337993874837821e+02
1.806081893652461190e+02
1.800951502751505586e+02
1.789646206248000340e+02
1.799395449878673503e+02
1.814383246948246153e+02
1.823981037653171313e+02
1.843401153044497676e+02
1.858627050188783585e+02
1.857653876671070634e+02
1.882196846409464115e+02
1.875689543031708411e+02
1.886117782904633771e+02
1.888009263533415663e+02
1.886023978117827085e+02
1.901127257577776390e+02
1.921012583262140083e+02
1.942084708420915433e+02
1.940314866306448778e+02
1.950893469897997363e+02
1.959871643723189720e+02
1.979783418435346505e+02
1.993722711744594562e+02
2.014884555019306163e+02
2.033311953095812328e+02
2.052729989245210902e+02
2.045972934331971658e+02
2.059419616766181207e+02
2.065873640376925380e+02
2.074702486188555497e+02
2.091360559201425247e+02
2.089178718908473513e+02
2.087515092407355439e+02
2.088314967889226068e+02
2.106934102969261460e+02
2.107863279358376758e+02
2.109469769373614554e+02
2.084604858980688107e+02
2.137064438968994864e+02
2.150778631479892908e+02
2.156869153725517663e+02
2.156544482198478647e+02
2.163835193896502744e+02
2.177993704694182782e+02
2.187156242721046908e+02
2.181832739990329060e+02
2.188521426762382589e+02
2.199337111626686863e+02
2.208741288001975533e+02
2.233937206982122063e+02
2.246356982885998264e+02
2.243567974241867660e+02
