-8.666213051432481507e+01
-8.929532213916630212e+01
-8.696945107545718656e+01
-1.295368303393830729e+02
-1.646416711948548652e+02
-1.545221692732256145e+02
-1.637650231325525567e+02
-1.512987882975143634e+02
-1.508717905331780287e+02
-1.465846491542955903e+02
-1.404378956447169742e+02
-1.359186811449270067e+02
-1.483957026236265335e+02
-1.613674589614397235e+02
-1.733032227503992146e+02
-1.706774488557904021e+02
-1.679077519302045118e+02
-1.681653026134190156e+02
-1.646947081889767048e+02
-1.651815691908742281e+02
-1.682560545407921779e+02
-1.642830690722999805e+02
-1.669440098561211698e+02
-1.697626136555126948e+02
-1.801111280779663559e+02
-1.856396441863353743e+02
-1.839434353177201444e+02
-1.837897117236691429e+02
-1.861839803619283771e+02
-1.932128546662335680e+02
-1.920681498107455525e+02
-1.934872443909869162e+02
-2.003873096680981121e+02
-2.032763137681482988e+02
-2.050242530707843684e+02
-2.013610663286244176e+02
-2.029806370017318784e+02
-2.002086023537686117e+02
-1.988174450596206668e+02
-1.957114187620600774e+02
-1.961396142437402261e+02
-2.018496733910149885e+02
-1.996987043019742600e+02
-1.991909135644215780e+02
-1.974902178892929214e+02
-1.998119961228846080e+02
-1.960133632688307159e+02
-1.923221635347023550e+02
-1.899451376737767134e+02
-1.874846187247195815e+02
-1.875510289556328019e+02
-1.863898617560787727e+02
-1.841753211144632303e+02
-1.824626267372793507e+02
-1.804232278398936273e+02
-1.807814650847184623e+02
-1.787128613917519999e+02
-1.780876134756071849e+02
-1.779162258295099264e+02
-1.764172032061172217e+02
-1.750400535419181267e+02
-1.731534880577614501e+02
-1.739644558928100651e+02
-1.728656864852181343e+02
-1.719159321987639544e+02
-1.705819923536954263e+02
-1.708380353044623803e+02
-1.693659253326557348e+02
-1.668076112525944836e+02
-1.652317040039592655e+02
-1.642530842946381711e+02
-1.631127972735966694e+02
-1.617246620653867240e+02
-1.596302891186936961e+02
-1.579669596913823000e+02
-1.599818378526716174e+02
-1.594517871193561120e+02
-1.592014924141384142e+02
-1.588541899745883654e+02
-1.575880320722247347e+02
-1.589528858776639879e+02
-1.601529041840121295e+02
-1.592192959835796557e+02
-1.577102449407148583e+02
-1.567761897657333350e+02
-1.561440296884845793e+02
-1.543636307509722769e+02
-1.536518476471719339e+02
-1.529733816230043715e+02
-1.518646523296380337e+02
-1.508006791388572196e+02
-1.504166861764723251e+02
-1.500270734398276602e+02
-1.496006285054744183e+02
-1.498753300972038858e+02
-1.489457723642072153e+02
-1.482726567832357034e+02
-1.474584075606514091e+02
-1.465113677744509744e+02
-1.470303486126776704e+02
-1.471480783296956645e+02
-1.463572551830158375e+02
-1.459044137043796923e+02
-1.445638498329526271e+02
-1.419996293380137615e+02
-1.408623149016072773e+02
-1.393335867413076983e+02
-1.391835479114612610e+02
-1.399423465631554393e+02
-1.393461454382496925e+02
-1.390155796950403726e+02
-1.390078849070788181e+02
-1.363001440036447036e+02
-1.332742800748091270e+02
-1.311207012617318242e+02
-1.298836128285969664e+02
-1.293619872845723648e+02
-1.280629740042183187e+02
-1.272177600915856459e+02
-1.251149659857199481e+02
-1.228773202285691326e+02
-1.223942234721508271e+02
-1.200113785511015720e+02
-1.187431115313420378e+02
-1.152114674329739614e+02
-1.126575622378965420e+02
-1.116531708215718766e+02
-1.102394477144421359e+02
-1.085518050911167620e+02
-1.050648961028024360e+02
-1.034839383532213901e+02
-1.031235047161013370e+02
-9.983291820609015588e+01
-9.762613810314081775e+01
-9.518160587737067146e+01
-9.552115623167526337e+01
-9.234165562500845681e+01
-9.149005097503253126e+01
-9.044858593108483547e+01
-8.997137104532852447e+01
-8.821706814719981082e+01
-8.437625386631565050e+01
-8.343407902066994097e+01
-8.160349084967877786e+01
-8.066528735901970038e+01
-7.774838933393894536e+01
-7.758298942715251201e+01
-7.733728366021288991e+01
-7.718380956955107308e+01
-7.647762612992514164e+01
-7.553173675537028942e+01
-7.615902580560288015e+01
-7.547140786803211654e+01
-7.459055597720976039e+01
-7.429182167887718435e+01
-7.217920423300823529e+01
-7.220766473381728190e+01
-7.266050093709381485e+01
-7.141742296867880668e+01
-7.122465835120871702e+01
-7.187444008753779201e+01
-7.078262337360732204e+01
-6.945080617529936262e+01
-6.758135582201529701e+01
-6.666456049214818336e+01
-6.588825440134999667e+01
-6.422965577582540675e+01
-6.422284720273535186e+01
-6.379754368789660646e+01
-6.336004008517728892e+01
-6.390724676320881059e+01
-6.446320444291536944e+01
-6.421450971561669974e+01
-6.455623249521229923e+01
-6.447118290633942195e+01
-6.155349079665867151e+01
-5.948153551268077877e+01
-5.962795804805932676e+01
-5.864193557824635405e+01
-5.836178518162053308e+01
-5.603402175996579615e+01
-5.322983742019312814e+01
-5.238152190897635307e+01
-5.254459044160469006e+01
-5.173032823102123245e+01
-5.313939335717641654e+01
-5.187609296345330279e+01
-5.116133004871137757e+01
-5.097814245422399182e+01
-5.046445429702803409e+01
-4.882297298794109253e+01
-4.990939257038430554e+01
-4.901589568646365791e+01
-4.804907301855200785e+01
-4.667440857138635124e+01
-4.593212858621433270e+01
-4.480352479697301504e+01
-4.407528699855922127e+01
-4.287866098461859110e+01
-4.118629545536749248e+01
-4.109270217371976486e+01
-4.139367789416808563e+01
-3.993387144030128866e+01
-3.755348218649819358e+01
-3.735593343397006549e+01
-3.813859152301837696e+01
-3.733275221603739169e+01
-3.711153318892628050e+01
-3.459062894939310695e+01
-3.364230869287664660e+01
-3.326473350726063671e+01
-3.130418162458366993e+01
-3.059464305440243592e+01
-3.029025716524926892e+01
-2.816293990996083352e+01
-2.635750636765807542e+01
-2.585564050765218269e+01
-2.596642818003644138e+01
-2.614839970431550853e+01
-2.563175623522264246e+01
-2.679280420202500324e+01
-2.555981505923494268e+01
-2.468721481137942320e+01
-2.347422838341336160e+01
-2.266655598571516705e+01
-2.115934684456789583e+01
-2.036413326955043956e+01
-1.939553324116372934e+01
-1.868180505070110797e+01
-1.745079804566560355e+01
-1.620610559844897480e+01
-1.460843491729755961e+01
-1.395100849683296396e+01
-1.262444797344615210e+01
-1.382191683641100788e+01
-1.322049459611038635e+01
-1.295706463918766360e+01
-1.318198046830010739e+01
-1.249197368121376250e+01
-1.099174153374219287e+01
-9.157632762286675998e+00
-8.196476191345512419e+00
-6.161650530276919113e+00
-5.836840409548159414e+00
-5.389389275304579563e+00
-7.625804437117507995e+00
-6.344013386464507853e+00
-7.606874935970626694e+00
-6.617952289915453257e+00
-6.640038744811455729e+00
-4.756181573593703860e+00
-2.761431720436682280e+00
-2.245953643564542634e+00
-1.889046316262273484e+00
-4.900105141760983107e-01
-1.117110223623432486e+00
-1.049195902661939739e+00
1.743922972361416912e+00
2.916579139139492849e+00
4.094067232185786054e+00
6.402652593167561079e+00
6.796895344148001783e+00
8.411323916374369603e+00
7.796254416820824318e+00
8.409642208414780384e+00
9.345488931103348662e+00
1.013762602936553670e+01
1.163775068316597761e+01
1.149274751689643814e+01
1.217330761837779463e+01
1.447832107221497822e+01
1.627782123354119292e+01
1.694627902272085862e+01
1.853774767280074798e+01
1.967250818071651963e+01
2.166620610457628970e+01
2.126359465451776032e+01
2.294950268340189226e+01
2.417290768737093742e+01
2.487799412701112445e+01
2.606472953960199135e+01
2.675898010566878327e+01
2.801294884464773105e+01
3.015366741448830012e+01
3.012749940482047251e+01
3.324269022333031387e+01
3.298520648382966414e+01
3.427188603273835099e+01
3.614431669424408256e+01
3.773729340087758288e+01
3.732410064521364745e+01
4.062690016844376828e+01
4.143967845382179860e+01
4.244626048840888188e+01
4.356740400719364459e+01
4.521413542221522164e+01
4.430058399163962690e+01
4.518468422705150545e+01
4.575989583687314877e+01
4.717050658670600427e+01
4.919852748434126966e+01
5.086286288856559423e+01
5.106885303793550435e+01
5.081535951693535225e+01
5.193401152492889139e+01
5.340646914258191913e+01
5.421930937860744848e+01
5.564950099567518293e+01
5.618696606149151052e+01
5.708653314212273244e+01
5.900952973069478702e+01
6.047168084483154615e+01
6.113754158025827223e+01
6.060756762750634152e+01
6.072037782195230449e+01
6.001626231455441740e+01
6.193589898207265065e+01
6.208988523836118389e+01
6.332769280911456633e+01
6.361664945690715456e+01
6.622784865039473345e+01
6.694104148477748595e+01
6.728789854818643335e+01
6.872331177033377969e+01
7.020846122125503541e+01
7.064915900414996486e+01
7.118192568825460853e+01
7.278571809482959054e+01
7.399263180219595881e+01
7.596238061646097606e+01
7.624562289321103492e+01
7.807106646943341843e+01
7.971353556225814430e+01
8.054809690260461252e+01
8.304317327702602825e+01
8.499254702697162145e+01
8.488889779458548901e+01
8.650722840031720295e+01
8.751599601542348239e+01
8.782263665420089183e+01
8.783075662787990723e+01
8.837875546087319378e+01
8.796740214496873023e+01
8.925021124264938521e+01
9.113776050497882864e+01
9.492200274389068682e+01
9.504758242790396139e+01
9.860878835566231260e+01
9.937062506483847812e+01
1.009071019952721997e+02
1.013263788182344598e+02
1.037582690356501161e+02
1.044716560195451223e+02
1.053816495770411734e+02
1.070076778465909655e+02
1.086846026902092888e+02
1.106878853682232204e+02
1.112429758172982304e+02
1.119751134692340742e+02
1.123808416159065615e+02
1.131625861296323592e+02
1.148443307191647307e+02
1.150903788854983532e+02
1.160020564060137218e+02
1.166048521566107468e+02
1.174169098208311368e+02
1.186292853217034349e+02
1.190513031249605262e+02
1.214034654909551989e+02
1.221442971736765486e+02
1.228638309845034229e+02
1.248800447247924836e+02
1.275557135127266406e+02
1.278404941445488845e+02
1.297639793697085793e+02
1.289448730460062507e+02
1.310197746465629791e+02
1.329768212418185840e+02
1.344551219793896166e+02
1.364990717105425233e+02
1.370987666399458931e+02
1.380383154917091701e+02
1.381021375065790835e+02
1.371808621842596096e+02
1.381563864512265809e+02
1.397882851968826401e+02
1.404745264702472127e+02
1.401874573936412105e+02
1.407357720635274063e+02
1.413339876755985642e+02
1.417154868230846603e+02
1.428007195477525499e+02
1.429940366504788187e+02
1.434285094069838635e+02
1.449196060912262283e+02
1.445164705779799874e+02
1.454743211259932707e+02
1.455935467744645280e+02
1.465204657164497348e+02
1.472951149169156224e+02
1.469259495801394451e+02
1.474521302796064504e+02
1.471793493008541134e+02
1.482131106102077638e+02
1.486552274712144595e+02
1.466256898095672057e+02
1.461808302698538853e+02
1.429428111913961175e+02
1.451795771224718123e+02
1.441251271593649221e+02
1.446329270050726450e+02
1.424158437284691274e+02
1.422183055055457714e+02
1.437911275162828417e+02
1.418753396961239446e+02
1.435041044276045739e+02
1.406872599620022584e+02
1.397346948714185828e+02
1.394024883032099353e+02
1.379288018462893888e+02
1.381863073603543910e+02
1.373440686642555306e+02
1.370346047472718283e+02
1.365701020219278519e+02
1.358692781399403486e+02
1.343406489885980193e+02
1.354887185183738438e+02
1.338593922628073472e+02
1.349316079524268162e+02
1.349762710273289770e+02
1.344332571624086938e+02
1.354102134737482572e+02
1.367783470331188198e+02
1.382011905629970840e+02
1.387180373474462556e+02
1.397662710744587002e+02
1.404230638687143085e+02
1.416064053876485787e+02
1.430937170275874166e+02
1.437524261848502931e+02
1.432390477076949651e+02
1.419421935821257819e+02
1.429277518532227020e+02
1.422921319995312217e+02
1.430389294430934228e+02
1.440078104316741019e+02
1.445691889568028330e+02
1.449103111825773453e+02
1.463649961856716288e+02
1.479540881010056239e+02
1.482045688788342090e+02
1.484512095089711465e+02
1.463155177959481819e+02
1.477825364035520295e+02
1.477846837190270435e+02
1.485248245937343654e+02
1.483460015563136380e+02
1.496546708453735732e+02
1.507498707161090863e+02
1.512261420462898798e+02
1.514564985402981563e+02
1.516201780776907526e+02
1.536250033783155118e+02
1.514419977751417434e+02
1.512019892094205034e+02
1.525589841776467210e+02
1.535209689818967718e+02
1.546401778664261712e+02
1.546313118689628823e+02
1.548345482884853368e+02
1.558826312820958719e+02
1.558903628556832359e+02
1.555670135328253423e+02
1.528660722565116146e+02
1.529657391706652163e+02
1.546629787905357603e+02
1.546531077697053718e+02
1.539993969678619692e+02
1.544863569990989447e+02
1.523622454974454001e+02
1.538597288776087169e+02
1.550240351934673413e+02
1.545268398270146690e+02
1.566708074115246632e+02
1.583515123134297085e+02
1.560833342402652590e+02
1.560851433789608791e+02
1.579392508075584942e+02
1.584649371465397110e+02
1.587834219962691407e+02
1.598844786286730368e+02
1.581885555868133508e+02
1.596461924987926295e+02
1.610649796039275259e+02
1.612387738930102898e+02
1.604372870567835321e+02
1.628089758750716385e+02
1.627069860307031490e+02
1.632219202867783849e+02
1.640657078218814888e+02
