-3.424144739658145795e+02
-2.288915410723374180e+02
-1.669466475683942406e+02
-2.246463892923108290e+02
-2.068484503461102690e+02
-1.941074600759298221e+02
-2.162269269948599515e+02
-2.042312869391182630e+02
-2.149875203241799966e+02
-2.043960085792455743e+02
-1.936838576404702223e+02
-1.799039735331666634e+02
-1.800635492208666619e+02
-1.834387258928753397e+02
-1.763751106546660594e+02
-1.703898443614719440e+02
-1.742758172551932603e+02
-1.761468138036326820e+02
-1.893128451762263751e+02
-1.836094712454330988e+02
-1.806890343929454161e+02
-1.842770759102693319e+02
-1.813911042642859002e+02
-1.780875733997845316e+02
-1.804418279641687377e+02
-1.775785817186906854e+02
-1.754450633749139854e+02
-1.761987106747060636e+02
-1.738127813635077246e+02
-1.705785421970286961e+02
-1.669395110083818565e+02
-1.644607879026358717e+02
-1.662644383229713867e+02
-1.645406123284439843e+02
-1.629979518273692065e+02
-1.592616109243988376e+02
-1.617852872740477608e+02
-1.597828077764179966e+02
-1.652751358885331285e+02
-1.637215628446255664e+02
-1.634475685934391151e+02
-1.600976382148188861e+02
-1.607003549407372134e+02
-1.658934734247922052e+02
-1.640610691908579213e+02
-1.609648450781339193e+02
-1.612785357231863372e+02
-1.619335503106410385e+02
-1.594166688565947538e+02
-1.579709022067065121e+02
-1.598809607221094211e+02
-1.590995209450636878e+02
-1.580127749917757001e+02
-1.577498623900244752e+02
-1.566036408157785900e+02
-1.548301615195822194e+02
-1.538970506446134721e+02
-1.526824247966955852e+02
-1.507031116275625209e+02
-1.481903865878858255e+02
-1.457615160244020274e+02
-1.440820674021715035e+02
-1.439509129599518360e+02
-1.422219232176861112e+02
-1.414161099665596737e+02
-1.397274665635985968e+02
-1.398845358654861855e+02
-1.395742569880417250e+02
-1.385814235098605423e+02
-1.363540228728458317e+02
-1.350524611713347838e+02
-1.340936280109962695e+02
-1.333467072858116467e+02
-1.322804559576280212e+02
-1.314187390097957007e+02
-1.309952904973951888e+02
-1.302237887702886496e+02
-1.292663555160174838e+02
-1.285695791741749474e+02
-1.273608459089397513e+02
-1.271272900920298525e+02
-1.264437047081348879e+02
-1.267867263128678985e+02
-1.257281488046859153e+02
-1.250433205879568987e+02
-1.237431197196228965e+02
-1.208433270536925903e+02
-1.205609243755648095e+02
-1.196049073222808659e+02
-1.189938893930551131e+02
-1.186172380306801273e+02
-1.180854674484007347e+02
-1.191399203666447733e+02
-1.219377118680681349e+02
-1.209631398335354788e+02
-1.201668188083522182e+02
-1.188927138464097055e+02
-1.193603195466304072e+02
-1.198057125343199516e+02
-1.198550059649970763e+02
-1.170782678490428736e+02
-1.163247241010267174e+02
-1.173009905278012468e+02
-1.163346337003156066e+02
-1.153167451896465963e+02
-1.137746346063906060e+02
-1.137252399100340767e+02
-1.128410841816008059e+02
-1.118435143587706477e+02
-1.110313717694630640e+02
-1.105728993025936262e+02
-1.110673725602771498e+02
-1.097351908410888370e+02
-1.077656679362352747e+02
-1.074166428251335645e+02
-1.069070912316485504e+02
-1.054700447832797749e+02
-1.045537732338744661e+02
-1.014776121921430416e+02
-1.014358361316508166e+02
-1.009945232662764170e+02
-9.889993822116792899e+01
-9.776882210824504682e+01
-9.938158273023947231e+01
-9.760770273190641433e+01
-9.690462563890100967e+01
-9.624383988451232597e+01
-9.461829203102938379e+01
-9.378012777217061569e+01
-9.402275048307807026e+01
-9.428487255603498340e+01
-9.550497669326277617e+01
-9.395612974987616894e+01
-9.335753894843210787e+01
-9.281316732456468799e+01
-9.340854941039907544e+01
-9.097038331174564973e+01
-9.100427565445974665e+01
-8.721424669575590372e+01
-8.673097337361841142e+01
-8.511279651588439776e+01
-8.569972628208488175e+01
-8.416707276599716181e+01
-8.064612024797668255e+01
-8.065958514589033257e+01
-8.153003762688206280e+01
-8.009698286296773517e+01
-7.871701443892288808e+01
-7.825298443952152638e+01
-7.804509303985555846e+01
-7.568982825405053916e+01
-7.515782384708140285e+01
-7.416823757797648398e+01
-7.332838338315795568e+01
-7.288788334621428078e+01
-7.261827702212337954e+01
-7.193754726997030957e+01
-7.106940869653445247e+01
-7.037498036902881893e+01
-7.019915140921276020e+01
-7.035389441163329138e+01
-6.841846680387676827e+01
-6.725136736698414097e+01
-6.642544019392825305e+01
-6.571433770467164948e+01
-6.679321929211165809e+01
-6.544000635317370040e+01
-6.483275924444184568e+01
-6.318538340905485740e+01
-6.357208590335515197e+01
-6.386355435013063442e+01
-6.358783351778502890e+01
-6.347614360493795260e+01
-6.504446423473055461e+01
-6.364096551700030346e+01
-6.280157649492798555e+01
-6.234784703154102203e+01
-6.166394747997459547e+01
-6.274393120227556864e+01
-6.158904525369007388e+01
-6.086839991328672994e+01
-6.082815438668654906e+01
-5.939627648213010502e+01
-5.885779480586331402e+01
-5.804151727195670674e+01
-5.794997983718756274e+01
-6.147556410123443982e+01
-6.038933007763730387e+01
-6.054651215898816474e+01
-6.073732730659294532e+01
-6.082355627440614398e+01
-6.033790045835412741e+01
-5.827391431344589989e+01
-5.635429388611484569e+01
-5.580387067389654732e+01
-5.677203609646900162e+01
-5.669876485049374537e+01
-5.840616579812751041e+01
-5.720919002704701484e+01
-5.839766907690449216e+01
-5.865362221172052415e+01
-5.963926439099510191e+01
-5.801002280169161907e+01
-5.550093468196138247e+01
-5.597320233207148732e+01
-5.767241928917012928e+01
-5.359296826582881579e+01
-5.320012396121958176e+01
-5.139266196111488227e+01
-5.110879395486053056e+01
-5.221593057410245109e+01
-5.225126321525966233e+01
-5.223100580585658292e+01
-5.188315755308369148e+01
-5.191319307572238273e+01
-5.072071874476228004e+01
-4.982483248902597239e+01
-4.820896003182033951e+01
-4.656983387058480872e+01
-4.602871528890337771e+01
-4.520765426517401409e+01
-4.432943338462701632e+01
-4.555303186937242543e+01
-4.330513187640720218e+01
-4.367425722270105126e+01
-4.230150218133636031e+01
-4.311975083239147466e+01
-4.211341760318418892e+01
-4.211447099939562833e+01
-4.295741566141418133e+01
-4.247795334570047032e+01
-4.134785076684706695e+01
-4.081250393192456727e+01
-4.106521621550107426e+01
-4.100923288882788853e+01
-4.222700375012743024e+01
-4.280023937072727591e+01
-4.276660793233704538e+01
-4.518906717740595980e+01
-4.474959088583647571e+01
-4.529713359327243438e+01
-4.409591067065584724e+01
-4.378705412082006632e+01
-4.528135185626322112e+01
-4.423275924952424276e+01
-4.229493228259787685e+01
-4.126500471772331480e+01
-4.040853933482124916e+01
-3.993697413723744916e+01
-3.932098162698217436e+01
-3.842386478334692868e+01
-3.763410989751238134e+01
-3.735597287801294897e+01
-3.688796544423516366e+01
-3.873266117245874085e+01
-3.831274167101679495e+01
-3.727254728090807134e+01
-3.656393602771479578e+01
-3.661936179890319920e+01
-3.646801138816540089e+01
-3.547596838954871146e+01
-3.596187470632830951e+01
-3.496019585829044729e+01
-3.452757000490750983e+01
-3.394716677002158178e+01
-3.194844084592772404e+01
-3.122222010876536302e+01
-2.995164537604859589e+01
-3.022909745569677042e+01
-3.013471902889924792e+01
-2.916234823492255046e+01
-2.904799896716489016e+01
-3.098674831503662119e+01
-3.018645573957967088e+01
-3.010339179553234601e+01
-2.891306981950231147e+01
-3.078167514813364392e+01
-3.080556086468256538e+01
-2.889042721934124103e+01
-3.047154506008136821e+01
-2.917009676469985990e+01
-2.794155955066943520e+01
-2.716015971549305874e+01
-2.683370071611319929e+01
-2.648356072607883505e+01
-2.583922479090875512e+01
-2.413810614916936004e+01
-2.377064121117896178e+01
-2.196818461216176743e+01
-2.002637243731640737e+01
-1.880936622339985931e+01
-1.873497780955647229e+01
-1.807916065163849595e+01
-1.518699881393936124e+01
-1.487311341563759903e+01
-1.247890147694950436e+01
-1.172187923752519012e+01
-7.424272164565714149e+00
-6.930243093608114968e+00
-4.283340378516917291e+00
-4.086040470844984895e+00
-2.391788522675576179e+00
-2.549074928450644872e+00
-1.813338130165348838e+00
-9.254164757058205293e-01
-3.105898220602816284e-01
-3.364958860813231922e-01
1.435972002727241570e-01
9.929655083207548083e-01
-1.372407427523076429e+00
7.833506439590165460e-01
1.551188063194888889e+00
2.463771300288315924e+00
3.037559673403090521e+00
4.265684228486490426e+00
3.634711543636213182e+00
3.722509012582946752e+00
3.026669062357476570e+00
3.294624427596859917e+00
2.372502411812697609e+00
3.026790007952054662e+00
3.281484527584924482e+00
4.620152474196837389e+00
3.139446821650908159e+00
1.258597679983611162e+00
-2.113918637302205639e-01
2.529845524758298492e+00
2.501157666597865870e+00
2.546147278935029679e+00
5.640043406052308583e+00
6.302149737452915623e+00
7.931921523075657454e+00
9.308913192141110571e+00
9.866849746797520027e+00
1.064582900975019797e+01
1.304440898369606572e+01
1.427088879656808018e+01
1.481693632613601430e+01
1.791327982333392299e+01
1.843982956940667606e+01
1.794773965657341819e+01
1.808563824623800542e+01
1.838837952910214213e+01
1.896579041117655962e+01
1.746330713447344252e+01
1.576740043905600430e+01
1.370913787935828232e+01
1.401333322088943589e+01
1.411160807161247632e+01
1.312201262800111401e+01
1.205360501142225793e+01
1.267827190011965577e+01
1.357740124893494382e+01
1.255744612327151621e+01
1.429099446076036450e+01
1.334353283203415863e+01
1.270307128896889282e+01
1.223466194474136515e+01
1.201960221299183473e+01
1.063919206943307394e+01
9.151003066583822232e+00
6.606178823933598565e+00
5.484733568283188809e+00
5.512921595588842649e+00
5.385392164589493547e+00
5.821226116540786144e+00
5.923128295632897888e+00
4.274344388106738002e+00
4.530012196014399528e+00
3.786002948212259689e+00
2.707040788668663822e+00
3.528951430850129523e+00
5.384786764517043522e+00
7.138645126374098204e+00
5.601465316661033533e+00
2.298439068652004647e+00
3.547046096304820928e+00
4.286386824664699446e+00
3.932102603134838059e+00
3.783036727013115552e+00
2.606565805821868587e+00
-2.919804940668893622e-01
-5.131974168894705146e-01
-2.768806534428083665e+00
-4.126976617103746747e+00
-7.624353197176722219e+00
-6.783472802547530378e+00
-7.897935382580770103e+00
-8.123574378281089636e+00
-9.685376329761878011e+00
-9.575889172606423472e+00
-9.012414548060743158e+00
-9.179187064618570702e+00
-1.077543272816824960e+01
-1.089362635316039807e+01
-1.121180498219501231e+01
-1.346695582188276852e+01
-1.367059589680481224e+01
-1.526799258552933658e+01
-1.559301767104616232e+01
-1.563959818541167301e+01
-1.547273942691071191e+01
-1.714019939413620364e+01
-1.736439534152009756e+01
-1.580682970629943540e+01
-1.444692361883095622e+01
-1.546578750907916699e+01
-1.663704648754001880e+01
-1.793926421810578020e+01
-1.641825867900895730e+01
-1.894543987941111141e+01
-1.999813026911682812e+01
-1.896740924831775388e+01
-1.893846041292340843e+01
-1.945983005136346833e+01
-2.095218389465641096e+01
-2.049985095730037443e+01
-2.006244545126057233e+01
-2.024035564500713846e+01
-1.981820899830985283e+01
-2.081741827857158711e+01
-2.205975019550062655e+01
-2.109627448427131213e+01
-1.933697724495401715e+01
-1.593374691454424408e+01
-1.601967385188004656e+01
-1.732414606126399548e+01
-1.738318716189331425e+01
-1.825611071457316470e+01
-1.852002450335357153e+01
-1.729995240086802255e+01
-1.807314270139955070e+01
-1.878564054839388575e+01
-1.709628528565934857e+01
-1.643768731557695517e+01
-1.567562596534262553e+01
-1.544387066009557508e+01
-1.461842488026679376e+01
-1.741244151465937406e+01
-1.720816149537172279e+01
-1.559039235025652026e+01
-1.552784465437130912e+01
-1.483412071637376428e+01
-1.331131819640799741e+01
-1.178355108997832978e+01
-1.180756134623992182e+01
-1.082921439726182911e+01
-1.172744742833227249e+01
-1.515743124402406927e+01
-1.446835899232873146e+01
-1.387632375315961575e+01
-1.435712633641590230e+01
-1.531452729488997022e+01
-1.304138515227340811e+01
-1.176228798147076127e+01
-1.038710051446002147e+01
-1.029760298781016736e+01
-1.193437028283558377e+01
-1.147362029519646676e+01
-1.176498315923247873e+01
-1.017005599092432178e+01
-9.836487678178830407e+00
-7.772431377938423758e+00
-9.778929982584585900e+00
-1.019882708894215817e+01
-8.906947039471580396e+00
-7.390223231568068485e+00
-5.156175023582405537e+00
-4.806291382763688169e+00
-4.035116320857209615e+00
-1.846889486603423336e+00
-2.606280707539960217e-01
2.640300414949269925e+00
1.421260261999914842e+00
3.093242527335628544e+00
4.753647829210082776e+00
4.135604924695606144e+00
5.836676525919536118e+00
8.171881888376081093e+00
1.092822841266767142e+01
1.118602870822780737e+01
1.579652489082048561e+01
1.452102966919921734e+01
1.763994922204545901e+01
1.631494287991375458e+01
2.029019403867223659e+01
2.120356523824902695e+01
2.264226111643386119e+01
2.182783445316271909e+01
2.388341718890875143e+01
2.435166821850566166e+01
2.555250272698643599e+01
2.604553572336126877e+01
2.802307931900234550e+01
2.838089379449203875e+01
2.928817151746025615e+01
3.296813459705469285e+01
3.457352282265504329e+01
3.607396110033166536e+01
3.661108318546121865e+01
