-3.662065909610519157e+02
-3.722579155344039918e+02
-3.868595081819860297e+02
-3.897217703854790329e+02
-3.344868205619034143e+02
-2.922071561893242233e+02
-3.053428220672737439e+02
-2.824553955056391032e+02
-2.736415588684214981e+02
-2.548759766356865839e+02
-2.541918712456271408e+02
-2.472966751126602958e+02
-2.458318970863173831e+02
-2.537225148698625787e+02
-2.432655822694573260e+02
-2.325247448761836324e+02
-2.215823648452362704e+02
-2.114450951984492235e+02
-2.114129392536508476e+02
-2.058280734352085801e+02
-2.005371630774580467e+02
-1.963354382567636947e+02
-1.923936113066135363e+02
-1.882033196765303273e+02
-1.838859501740525673e+02
-1.840736728593933265e+02
-1.824466262901592870e+02
-1.781581357884504655e+02
-1.749456841058573389e+02
-1.792913112634009281e+02
-1.815463211760865079e+02
-1.803384276058754949e+02
-1.770464808924575095e+02
-1.740872385476074271e+02
-1.715139602516591140e+02
-1.690322395532504061e+02
-1.675416901677866974e+02
-1.652830792334653722e+02
-1.653409201739409582e+02
-1.633874249133818921e+02
-1.619642482583283538e+02
-1.604329186188134884e+02
-1.581102228315274942e+02
-1.573162217756039354e+02
-1.564776725806298714e+02
-1.550796195775323270e+02
-1.547624208722228616e+02
-1.528333953645446854e+02
-1.501552724494945892e+02
-1.484695704000039882e+02
-1.484497883819939830e+02
-1.480651382873182627e+02
-1.495598966651189698e+02
-1.487501940874874720e+02
-1.489540204196623847e+02
-1.474454232386694059e+02
-1.472697208067893087e+02
-1.471716349632427807e+02
-1.473266002459669437e+02
-1.467595077015589311e+02
-1.469702855948860361e+02
-1.446546816667334951e+02
-1.460322577059679929e+02
-1.456991900889035776e+02
-1.451966739952955265e+02
-1.445151824440392545e+02
-1.452233109499244961e+02
-1.450703108092967568e+02
-1.458255182319419418e+02
-1.447893512188996965e+02
-1.442446662692641155e+02
-1.434863730092781395e+02
-1.422465022330170541e+02
-1.411170850318735290e+02
-1.405967292094364609e+02
-1.392559889311507106e+02
-1.386593543616006059e+02
-1.379667285706366897e+02
-1.375964744902117332e+02
-1.370191419561604107e+02
-1.353214634975785486e+02
-1.361766926063870358e+02
-1.353930878558781501e+02
-1.350260061240001903e+02
-1.347166523553085256e+02
-1.336633906982038411e+02
-1.329738409001140838e+02
-1.321887457460780695e+02
-1.313719868064020204e+02
-1.303353291465729171e+02
-1.310384927952588896e+02
-1.300173021710457988e+02
-1.307809878240402384e+02
-1.295827040351515507e+02
-1.284760547841242442e+02
-1.277930344480468392e+02
-1.274756548777613290e+02
-1.286061936072142657e+02
-1.296348753996267078e+02
-1.295960557005231806e+02
-1.262654766682260004e+02
-1.243987806182371543e+02
-1.211206032194351820e+02
-1.179949150777219842e+02
-1.180186123091634585e+02
-1.179976539773102218e+02
-1.147253893917922198e+02
-1.144020570228349669e+02
-1.127041219309146101e+02
-1.146434878775553443e+02
-1.132483104476835081e+02
-1.139574262157880895e+02
-1.116340739834868998e+02
-1.091002949952741830e+02
-1.087793740527149140e+02
-1.090292960207920316e+02
-1.093004008629266650e+02
-1.094465188475806485e+02
-1.081777953417038560e+02
-1.097109234844990908e+02
-1.097085423709558967e+02
-1.110456519840468133e+02
-1.098643178089609478e+02
-1.096894398920945832e+02
-1.099773549412496862e+02
-1.078782265980554627e+02
-1.070975509350605108e+02
-1.071125558107065672e+02
-1.065644438249113648e+02
-1.041414269434046957e+02
-1.012184549244745853e+02
-1.005374557943990510e+02
-1.002297543798949420e+02
-9.956595206329043890e+01
-9.856932805957050903e+01
-9.840371518568041154e+01
-9.705460869636590360e+01
-9.722061126921035168e+01
-9.544686002391857471e+01
-9.392259439169852442e+01
-9.227383009402421976e+01
-9.337497173956874974e+01
-9.263721911636469031e+01
-9.192571801861265612e+01
-9.106355619632857668e+01
-9.019659430106825937e+01
-8.844007761202688300e+01
-8.790056192962315151e+01
-8.791545028526257965e+01
-8.736470264747197234e+01
-8.584501987706293846e+01
-8.452978680152766344e+01
-8.247130164446348033e+01
-8.173054277016123592e+01
-8.057942656390713410e+01
-7.937107393871822580e+01
-7.781464350203981439e+01
-7.886179071057526357e+01
-7.920330313376931031e+01
-7.872301443600613879e+01
-7.688273059454388658e+01
-7.952396824581522594e+01
-7.958353082947616031e+01
-7.848072332195658873e+01
-7.718894358460431704e+01
-7.666272926585583036e+01
-7.498370280902049956e+01
-7.430778256372109070e+01
-7.267578978105703413e+01
-7.186834882468050978e+01
-6.984452224457335490e+01
-6.934931769647235456e+01
-7.088503742308435562e+01
-7.070881427994086721e+01
-7.001930800552038647e+01
-6.965331274126674543e+01
-6.959253293544067276e+01
-6.945241599318561043e+01
-6.894744065993931770e+01
-6.721387518889707735e+01
-6.917128692107566224e+01
-6.765285385880243041e+01
-6.613594766171949857e+01
-6.461962583889260259e+01
-6.277594836992957283e+01
-6.217058705265412755e+01
-6.105907399213774056e+01
-6.031102675056039431e+01
-6.026322340111788378e+01
-6.012343270538391238e+01
-5.791066531700506204e+01
-5.739717176465232740e+01
-5.451074016918083487e+01
-5.473508233667490686e+01
-5.404004796532908728e+01
-5.276869427177936700e+01
-5.376891674430541457e+01
-5.122727765121882726e+01
-4.952752780119649145e+01
-4.749894136037318049e+01
-4.785839896373262548e+01
-4.533957653087040995e+01
-4.450606275557638725e+01
-4.342762563640062723e+01
-4.185110244247446332e+01
-4.179141083027444381e+01
-4.023133889535458252e+01
-3.925018968859979651e+01
-3.947755704223641970e+01
-3.777247517491957041e+01
-3.610431976926121678e+01
-3.278190034795611751e+01
-3.222309191241631510e+01
-3.220798055138846649e+01
-3.155743569710964636e+01
-3.032261292846234824e+01
-2.943655399359808555e+01
-2.839270641461338585e+01
-2.734833942957102337e+01
-2.452735733038131016e+01
-2.299608228014218625e+01
-2.136692639183196718e+01
-2.027117994929858469e+01
-2.043679532733872861e+01
-1.853147536918289617e+01
-1.815868600961893620e+01
-1.967280498084384988e+01
-1.893129267199331878e+01
-1.752458204854652379e+01
-1.621337692478458692e+01
-1.684399083272879949e+01
-1.628416922078462292e+01
-1.442415128923861189e+01
-1.351017958787790185e+01
-1.452865394252595266e+01
-1.377425461677891860e+01
-1.274895828631872696e+01
-1.149470483251067421e+01
-1.098812267827467082e+01
-1.122972907934549625e+01
-1.093317986821595866e+01
-9.588182753427167526e+00
-9.007272402260596778e+00
-7.742491884056281748e+00
-6.849909184182131128e+00
-6.489611239068966420e+00
-5.987400544493667987e+00
-5.369805064922891447e+00
-4.396696914605077389e+00
-3.592277371893879856e+00
-3.025207962786036653e+00
-2.109954908452033706e+00
-2.127543738851889632e+00
-8.989833016591779469e-01
-1.844234119574800768e-01
-6.696342563669182013e-01
4.332405300846335350e-01
3.860296079648025902e+00
6.298342522380625752e+00
7.916780116857828453e+00
8.643645774702829243e+00
1.172030095684896267e+01
1.516448390643418342e+01
1.633372203126005928e+01
1.742682576845632880e+01
1.435163110709429901e+01
1.448505366093792013e+01
1.603395254168003348e+01
1.721472898445681210e+01
1.800735528074770997e+01
1.655742411535034719e+01
1.720040917231351685e+01
1.975397747198803344e+01
2.105293276402206004e+01
2.247796426348546817e+01
2.368885598783421642e+01
2.487997141536803980e+01
2.649477969370172659e+01
2.735790363716599671e+01
2.739994782682093799e+01
3.017128437270923769e+01
3.011926405854096345e+01
3.022511363388526817e+01
3.052931805647635599e+01
3.030370884842391277e+01
3.127207402303523764e+01
2.985170243383283761e+01
2.982161765055223768e+01
3.040311362898985337e+01
3.183793031959952557e+01
3.157181186844368170e+01
3.075680120772550552e+01
2.988454811203910211e+01
3.092299405486623698e+01
3.052056177453832930e+01
3.049047200876912456e+01
3.336858685671014513e+01
3.381650100136280201e+01
3.575951053117499612e+01
3.795052383756947023e+01
3.970100646316508630e+01
3.939944829053612096e+01
4.043213616842903946e+01
4.094344336185996980e+01
4.169760187574921417e+01
4.319808487127473029e+01
4.278731611868239071e+01
4.353705819096470719e+01
4.247059472672700053e+01
4.410442138878842400e+01
4.423525739992210504e+01
4.425083393280890931e+01
4.228403542137119331e+01
4.426779056967328785e+01
4.489087660850311323e+01
4.455831384008446605e+01
4.443033429198759166e+01
4.426027669438786916e+01
4.558124842540959776e+01
4.630586435335216322e+01
4.687190746501062932e+01
4.718762265392487620e+01
4.693050515608021556e+01
4.856258598013157268e+01
4.930011816223537835e+01
4.930911179607317507e+01
5.211421164115631655e+01
5.242563426029307294e+01
5.260579543380470824e+01
5.297027451412476751e+01
5.506095672648987005e+01
5.664886761849471242e+01
5.737532791861804782e+01
5.923879030298635229e+01
6.135066600130932102e+01
6.127346456335784808e+01
6.133009705330962902e+01
6.232574994824389591e+01
6.269420813281240612e+01
6.343274485832980503e+01
6.340711663647790175e+01
6.324521921687863113e+01
6.378263231572852732e+01
6.402766365302895224e+01
6.430103637484185697e+01
6.384041740487106864e+01
6.302224022436047335e+01
6.322475219025945847e+01
6.383417542151794066e+01
6.487634416121251490e+01
6.562337328006756820e+01
6.692815757601711368e+01
6.787393022826675804e+01
6.889938517104630478e+01
6.952877510090571889e+01
7.041594406722443011e+01
7.130139000049614140e+01
6.934761453448672341e+01
7.000985666955627096e+01
6.941072173806432488e+01
7.007808718015978400e+01
7.073154988140548483e+01
7.076410888916751674e+01
7.079912588597915146e+01
6.796793396922886643e+01
7.219762375959520284e+01
7.194359425531628460e+01
7.229341177577460087e+01
7.294374970593413821e+01
7.501632407735723973e+01
7.524095866522229414e+01
7.610242320387652626e+01
7.695910768462007923e+01
7.863737805343703258e+01
7.830077416304722249e+01
7.775553929240311390e+01
8.026067809236400308e+01
8.078913667586394354e+01
8.313448591191507830e+01
8.388534162421795770e+01
8.500781965268981821e+01
8.663623302071519561e+01
8.683542685902266101e+01
8.736641471138410964e+01
8.804767389055288618e+01
8.546040183241947830e+01
8.937538446781691448e+01
9.191629994318749652e+01
9.218751151992886150e+01
9.158905844428312548e+01
9.164712763997296463e+01
9.364541859054256179e+01
9.517272632811273070e+01
9.636191918187842020e+01
9.723829400367392850e+01
9.939911481473158972e+01
1.013107053364661425e+02
1.033432398595779915e+02
1.032593333415661760e+02
1.028853353188608537e+02
1.041293138733017400e+02
1.067264060089015771e+02
1.086326462213327773e+02
1.106566779649982379e+02
1.112056163382879816e+02
1.104147909118536859e+02
1.125728160602240990e+02
1.135002129569215157e+02
1.167436359070646859e+02
1.186918268746661482e+02
1.197312788381862987e+02
1.212337657116642191e+02
1.242007048852031943e+02
1.258216598036911620e+02
1.281244697748676060e+02
1.309156663178923168e+02
1.334736303602150542e+02
1.354822183829856783e+02
1.364025095468180666e+02
1.368995985115035694e+02
1.366246809740688946e+02
1.399946682203592729e+02
1.413273927388162576e+02
1.429861903672152437e+02
1.442263988450657735e+02
1.440627277296225373e+02
1.456907944330870635e+02
1.468984732916119640e+02
1.484076022284715748e+02
1.476618370995393263e+02
1.486495029788001148e+02
1.498698662352658175e+02
1.484514075140506293e+02
1.484565176506380624e+02
1.494516580233616594e+02
1.496852593345650462e+02
1.515455343590053872e+02
1.522049079419773818e+02
1.539304587277132725e+02
1.527069649362490793e+02
1.525522860494116628e+02
1.562750275568768359e+02
1.577522909350306008e+02
1.574985831337733089e+02
1.563556353307168081e+02
1.586731132537436793e+02
1.608982514190950894e+02
1.628361462062937051e+02
1.628030782602357931e+02
1.633632983264247116e+02
1.617033030322289733e+02
1.606854935724073812e+02
1.624808244199965941e+02
1.621705655252541760e+02
1.637680874585547031e+02
1.654928347688553174e+02
1.661258489050462970e+02
1.698937692096265835e+02
1.696079807580634338e+02
1.702196519252412372e+02
1.712565642055845103e+02
1.732035414653799705e+02
1.746119817244216108e+02
1.763366741191930203e+02
1.809037140894764946e+02
1.827148176348487425e+02
1.850652425949314761e+02
1.865131380053650219e+02
1.879182564751826305e+02
1.875914133674677089e+02
1.904839657038493215e+02
1.919477955962006206e+02
1.933906862256165198e+02
1.933974761844164050e+02
1.927020226993753624e+02
1.947256440772038104e+02
1.948240046914905577e+02
1.901082715877213616e+02
1.903401548042026832e+02
1.914105243642286496e+02
1.922664506927987418e+02
1.937872191763630667e+02
1.889854251942993244e+02
1.902949745712256231e+02
1.914535661724555382e+02
1.914869804936967057e+02
1.914578355382549262e+02
1.913602958790686159e+02
1.937748628403840883e+02
1.957335486882049338e+02
1.976702311774695033e+02
1.989922182520709839e+02
1.974664749230846894e+02
1.982436701987391530e+02
1.975354131692640181e+02
1.972183301180785122e+02
1.915755684111026085e+02
1.916244461950561231e+02
1.906821610838022139e+02
1.869444663370695991e+02
