-7.439777936697220184e+01
-1.132665655122551414e+02
-1.363473704679833531e+02
-1.249006457247924686e+02
-1.198813298437995627e+02
-1.138585871164323038e+02
-1.175423531541478752e+02
-1.125060477961742009e+02
-1.417444151203677905e+02
-1.441320316800679961e+02
-1.696821113043555442e+02
-1.601618763800703675e+02
-1.512405738984033690e+02
-1.487009150644163640e+02
-1.464885206597549541e+02
-1.483085447319955392e+02
-1.441392165576505136e+02
-1.439629368221459345e+02
-1.476669774174207248e+02
-1.526094457434160176e+02
-1.649146175487530286e+02
-1.657811425625923505e+02
-1.756241991941249410e+02
-1.752362060145719624e+02
-1.731848941138989915e+02
-1.778404566869046732e+02
-1.830186997584627306e+02
-1.809456453471134694e+02
-1.781959560229527710e+02
-1.787836583675275790e+02
-1.806034515932868771e+02
-1.748590205524281487e+02
-1.726527350512751298e+02
-1.711954189021483330e+02
-1.749683750381714162e+02
-1.727701789529190819e+02
-1.733654611550441587e+02
-1.799075812001388215e+02
-1.799974781940388198e+02
-1.854468486300564507e+02
-1.811112531541227497e+02
-1.792362040057529953e+02
-1.765782225175598796e+02
-1.753674521072391315e+02
-1.731986368577503015e+02
-1.692896014788761079e+02
-1.702220335284279713e+02
-1.698392186008012459e+02
-1.693957956496149677e+02
-1.689657639432634539e+02
-1.652720941986261209e+02
-1.645053225042179292e+02
-1.643857669815951112e+02
-1.654397562601488687e+02
-1.636340209069141167e+02
-1.610458384646475167e+02
-1.602903939778695133e+02
-1.594328554267149229e+02
-1.595369469933414450e+02
-1.583848163143809131e+02
-1.594441211708278843e+02
-1.609573289064680921e+02
-1.603803004766835727e+02
-1.596280627650570523e+02
-1.599963772071388632e+02
-1.588036202930109368e+02
-1.577877759981008410e+02
-1.573376497288575990e+02
-1.565239869602518752e+02
-1.556714821594132161e+02
-1.558972209667133484e+02
-1.543023919988631860e+02
-1.528281636464304540e+02
-1.515032324528392564e+02
-1.507475662331030435e+02
-1.498605446949760847e+02
-1.493015778477254116e+02
-1.493786484341745222e+02
-1.485943373324018069e+02
-1.480845693066895876e+02
-1.481373354654986656e+02
-1.475292263299143656e+02
-1.469279576000394059e+02
-1.472470340157618409e+02
-1.466058630664753082e+02
-1.456670322397661437e+02
-1.449286655237811772e+02
-1.443006961914356054e+02
-1.428785982671548425e+02
-1.426148990049068459e+02
-1.410975705549138866e+02
-1.409080742689093029e+02
-1.402979955817068571e+02
-1.417225788723648634e+02
-1.405838864504831918e+02
-1.398694052640782957e+02
-1.399103187788120408e+02
-1.408386141944139069e+02
-1.401463004176011395e+02
-1.416909047921518834e+02
-1.413320401839089584e+02
-1.415424323476424320e+02
-1.408416034500399974e+02
-1.401143692657520603e+02
-1.406578335471829746e+02
-1.410256764943239318e+02
-1.397532932146683038e+02
-1.411751604398286020e+02
-1.382802377748432150e+02
-1.373144626374399024e+02
-1.353837361834932267e+02
-1.358652528469808090e+02
-1.366127966471390209e+02
-1.371697095197216072e+02
-1.363571996615586954e+02
-1.373145856341661499e+02
-1.365599220010325894e+02
-1.355114965367901050e+02
-1.338839251030975959e+02
-1.320662240074918259e+02
-1.284984834399184592e+02
-1.304057008481394178e+02
-1.273456995477877598e+02
-1.265044563904082366e+02
-1.255235602003652104e+02
-1.229592535138979628e+02
-1.204606112121918500e+02
-1.189655208796245773e+02
-1.184168523840870932e+02
-1.169617452137895270e+02
-1.150686777730217045e+02
-1.164697832734201768e+02
-1.152910686935229450e+02
-1.145697874517512673e+02
-1.111434468109897722e+02
-1.105771623996808870e+02
-1.107706120240292194e+02
-1.067649672312741274e+02
-1.054989404584453609e+02
-1.032385071010754984e+02
-1.033518856476917733e+02
-1.029401733427876877e+02
-1.026977875911769473e+02
-1.023839732404173617e+02
-1.041086439423691417e+02
-1.046114885128584007e+02
-1.020478772728817489e+02
-1.009470755675062179e+02
-9.948779303033273891e+01
-9.830860669784078709e+01
-1.005648457011668171e+02
-9.898943895985762254e+01
-9.718249333244179411e+01
-9.565960199678139020e+01
-9.565365703482079596e+01
-9.696507197698304026e+01
-9.630683548184680376e+01
-9.500040691863158315e+01
-9.472749612114272111e+01
-9.577653766153534320e+01
-9.526834279514592652e+01
-9.254102590701890563e+01
-9.189771122068290765e+01
-9.086779148648513171e+01
-8.903792255789397814e+01
-8.840550625036290455e+01
-8.768158970674872421e+01
-8.762996374700853153e+01
-8.687164763650422117e+01
-8.797298637756540529e+01
-8.637992001467381442e+01
-8.676281560061676146e+01
-8.603134010185712555e+01
-8.527524494572621450e+01
-8.429718255653618542e+01
-8.322073035116436301e+01
-8.214584456732370654e+01
-8.062345186262790264e+01
-8.043521969693729545e+01
-8.223110067569228931e+01
-8.014224114625911000e+01
-8.125164281220986595e+01
-8.105242256008911284e+01
-7.953783377752202455e+01
-7.819786123714001747e+01
-7.746772119175352600e+01
-7.576322658348571792e+01
-7.599658211414170239e+01
-7.593950335763024384e+01
-7.563936139815065474e+01
-7.581871143000849145e+01
-7.432356540208670026e+01
-7.365797590049368182e+01
-7.077107151804601415e+01
-7.168027330706009081e+01
-7.094118620148375953e+01
-7.043802933835166868e+01
-6.990359829418116533e+01
-7.011327598390830929e+01
-6.769546137850606726e+01
-6.679161851336363043e+01
-6.592156786075473462e+01
-6.521517765923053389e+01
-6.576484630670550757e+01
-6.496560405951919392e+01
-6.331864024809747349e+01
-6.302458594330840214e+01
-6.203848244535074485e+01
-6.356320986338369039e+01
-6.226405261769793498e+01
-6.032879251954309296e+01
-5.868491518005000529e+01
-5.894614789075896510e+01
-5.823815640665266358e+01
-5.727599066012671614e+01
-5.525461515356867181e+01
-5.723444993434447525e+01
-5.624940235069114181e+01
-5.679318436792379288e+01
-5.764383553942852245e+01
-5.797913132460700325e+01
-5.504414208958618815e+01
-5.512508433200432023e+01
-5.452018077681381669e+01
-5.385029607136621621e+01
-5.428027591136051910e+01
-5.399906654963004371e+01
-5.397027925939977422e+01
-5.472324883126356099e+01
-5.324807692214250210e+01
-5.231501706193520818e+01
-5.225650937396468976e+01
-5.187501541605595179e+01
-5.091068641629622959e+01
-5.220007060842292645e+01
-5.189741336386234138e+01
-4.921172381178407562e+01
-4.826849325318608663e+01
-4.822618531084003735e+01
-4.637243261278539563e+01
-4.794399183851998458e+01
-4.730561796570944466e+01
-4.620722871326432113e+01
-4.386437392088700449e+01
-4.157072040356470666e+01
-4.093079581395438993e+01
-4.074377213513439955e+01
-3.925856400886053876e+01
-3.864344517897908560e+01
-3.729920680580593029e+01
-3.561071779598417919e+01
-3.524917192402789112e+01
-3.524766493845434212e+01
-3.405676329487669562e+01
-3.476538945046672069e+01
-3.224545750377663467e+01
-2.966052436575528617e+01
-2.909314567262645213e+01
-2.869900750243957788e+01
-2.589957257989992812e+01
-2.318136523585566522e+01
-2.265330719800199688e+01
-2.320812159484547976e+01
-2.506610921448862328e+01
-2.418253534533947757e+01
-2.184553564269697290e+01
-2.105570317302157335e+01
-1.930642850831709367e+01
-1.814457871437184622e+01
-1.500544058904340616e+01
-1.478513640027083298e+01
-1.392950754424875903e+01
-1.313149516288366669e+01
-1.324577664314845116e+01
-1.222298476983775295e+01
-1.164047818355949104e+01
-1.065329919029872663e+01
-8.383978070468655730e+00
-6.882226707167927948e+00
-3.060227625978721555e+00
-2.784306181830674465e+00
2.501356042637000732e-01
1.491399088366225589e+00
2.491873473530607175e+00
1.509996833367460711e+00
1.966912723077571812e+00
1.641757812032742070e+00
3.724288043103495482e+00
4.464294309710602704e+00
6.022945788946272749e+00
6.163600137023228953e+00
4.275218152325582111e+00
5.203989478541682701e+00
4.932125037030815840e+00
7.014306559011304287e+00
7.365630860160655047e+00
9.075307526046396234e+00
1.150649225578940360e+01
1.342102222286230884e+01
1.458299070062069802e+01
1.422670805667109306e+01
1.562828038089467242e+01
1.608221856185613419e+01
1.732216919769842534e+01
1.763301447279114598e+01
1.751198212886732009e+01
1.782675204457170537e+01
1.986626279280534391e+01
2.300902490849908943e+01
2.298293373695563346e+01
2.370834209899861023e+01
2.367739455060787890e+01
2.545634793568593679e+01
2.659232581678428531e+01
2.689916020076303127e+01
2.791688914557182244e+01
3.051258357618035078e+01
3.024496463484225472e+01
3.182199381680863937e+01
3.391607998999208462e+01
3.542831605144588281e+01
3.651159083390724192e+01
3.789928774118016008e+01
3.649163921107470543e+01
3.689061533887976196e+01
3.861057183800818393e+01
4.008595980044894702e+01
4.087147208838966606e+01
4.231723590621219699e+01
4.160370534903015027e+01
4.220199805635285628e+01
4.358765394702000151e+01
4.402148675062980487e+01
4.427296766663489791e+01
4.552683398130718473e+01
4.644551568944741149e+01
4.694472248992886421e+01
4.705993463101225416e+01
4.920168202521116996e+01
4.957162788294242972e+01
5.200515006651719574e+01
5.229704545368826274e+01
5.185508659129219211e+01
5.053652173681803816e+01
5.162569111741849781e+01
5.212901335372885114e+01
5.175407770981529865e+01
5.171638998744333549e+01
5.199503883811900096e+01
5.171229875429892786e+01
5.302391820347521190e+01
5.263987107091423212e+01
5.315481903478615777e+01
5.300439786600875891e+01
5.526522403750603019e+01
5.440662396089475550e+01
5.329138832337807941e+01
5.303117604632402049e+01
5.486309295295186672e+01
5.486241638397859077e+01
5.400380687576289063e+01
5.348457404855297881e+01
5.508556865422736593e+01
5.777422471228735645e+01
5.737668042373223898e+01
5.597855255392055085e+01
5.594040185545352983e+01
5.629265735075090760e+01
5.593269341112879545e+01
5.570041120736151896e+01
5.599560972311425644e+01
5.662643453490454704e+01
5.568730126713363404e+01
5.643309464457712465e+01
5.598670249792800746e+01
5.499381066656256678e+01
5.412446321785270698e+01
5.100383418754595510e+01
5.086145011441935537e+01
5.043561468523733993e+01
4.990337275349338597e+01
4.912060565928328515e+01
4.871053668298376493e+01
4.821405403602401663e+01
4.933034168724969248e+01
4.907716476203186318e+01
4.910775784278345668e+01
4.896711968325163866e+01
4.859628228808384165e+01
4.845000170640722104e+01
4.895920974052835817e+01
5.078035194338012559e+01
5.039506343091823481e+01
5.066731875591040790e+01
5.062299938905656660e+01
5.076020352662015966e+01
5.033681541456943620e+01
4.970742086383842206e+01
4.857751091087185813e+01
4.902549839662517428e+01
4.954190883954989033e+01
4.904613466888027062e+01
4.946260836883181611e+01
4.950424471541447957e+01
5.086279455422817364e+01
5.060814493200271613e+01
5.067168622777456477e+01
5.071226057860210545e+01
5.032537279830076926e+01
5.059683593900334131e+01
5.105008572009346324e+01
5.110476800619981930e+01
5.135469756024821208e+01
5.159075985053551250e+01
5.161355228137931306e+01
5.246058884833690428e+01
5.281983729723834387e+01
5.337807223789773303e+01
5.410124301999414342e+01
5.417966547040528980e+01
5.417167151731329966e+01
5.490561675762549498e+01
5.505498474748281978e+01
5.744985695442938578e+01
5.803500227887275287e+01
5.863179470313025377e+01
5.871172099925870214e+01
5.860214761754055246e+01
5.921303584958800315e+01
6.118420341691362552e+01
6.078248595351868744e+01
6.246187276488801388e+01
6.375002739699048249e+01
6.423630622059918949e+01
6.491844448390527589e+01
6.464357233921943191e+01
6.558001308360795178e+01
6.721472251104378870e+01
6.547048076305291886e+01
6.574840497133476447e+01
6.597117142701023340e+01
6.798044050120343229e+01
6.928806683229556995e+01
7.177562917304750556e+01
7.178179894493726465e+01
7.208118281254915871e+01
7.244053367471603622e+01
7.272892221588901407e+01
7.275205532033447753e+01
7.330204978331710208e+01
7.479045367297356961e+01
7.701598921743004666e+01
7.859760361682482710e+01
8.059164435374731283e+01
8.104599060769119490e+01
8.345667777509055441e+01
8.283522990941666819e+01
8.361545708542631417e+01
8.539017615862736932e+01
8.697080872627655879e+01
8.719081663766644397e+01
8.820757118519333062e+01
8.812470006149625590e+01
8.855959226284826968e+01
8.868890382771962777e+01
8.822447389951319963e+01
8.905536702430460139e+01
8.989126526011092722e+01
9.146499881104567464e+01
9.317323610408050172e+01
9.376149670558179139e+01
9.433002315191171760e+01
9.630393733991851946e+01
9.828342983849137227e+01
1.003029927613628871e+02
1.029426547210661056e+02
1.029287354171589755e+02
1.066140320839983957e+02
1.084645095054142558e+02
1.106572487259305859e+02
1.112938067235332511e+02
1.134505061385973335e+02
1.160564379673435127e+02
1.182837724334631702e+02
1.203864303195667276e+02
1.225279640640822407e+02
1.247858499492762547e+02
1.258709470629508900e+02
1.271194991802573924e+02
1.279091496692719971e+02
1.296433351665250200e+02
1.318845056916110252e+02
1.320673590259606840e+02
1.347113850757991997e+02
1.367594259692768617e+02
1.387027092690899792e+02
1.410171966504996988e+02
1.436980824301115831e+02
1.460809592668200594e+02
1.471880472033773799e+02
