-3.662065909610519157e+02
-3.783092401077560112e+02
-4.160626934771500487e+02
-3.983085569959580425e+02
-1.135470212676008401e+02
-8.080883432642819741e+01
-3.841568173349710378e+02
-1.222434095741966615e+02
-2.031308657706802876e+02
-8.598573654107281072e+01
-2.473508173450329650e+02
-1.714495176500251716e+02
-2.282545607702020902e+02
-3.563005460559501785e+02
-9.686852586378368812e+01
-7.141218397707795873e+01
-4.650428435007876260e+01
-3.911151120306917051e+01
-2.108341322472802233e+02
-9.971562288480539848e+01
-9.471895592244739248e+01
-1.080992170221827422e+02
-1.056734184033100377e+02
-9.182661218461606722e+01
-8.026908211458584219e+01
-1.887667399929122212e+02
-1.401434154900742328e+02
-6.236889224231263285e+01
-8.499703699325023365e+01
-3.053144988321650430e+02
-2.491966185566544993e+02
-1.428937269293328143e+02
-7.170418606308119536e+01
-7.643224116755482100e+01
-8.402249818941692183e+01
-8.217201510894555838e+01
-1.138819122910923483e+02
-8.171447466357702183e+01
-1.675388759120128270e+02
-8.720110975157952282e+01
-1.050371820561866087e+02
-9.764840339870309549e+01
-6.055699976551605346e+01
-1.231741763708914732e+02
-1.195815080017714394e+02
-9.216723443814248640e+01
-1.401712804279881652e+02
-6.216919650366904193e+01
-2.160537252708950007e+01
-6.587016997496517945e+01
-1.474606874814932098e+02
-1.284479834588561857e+02
-2.272873323107558008e+02
-1.058359574730187234e+02
-1.599606423571075879e+02
-6.447257828405530233e+01
-1.374303846215049987e+02
-1.415807418810910576e+02
-1.563145866439686813e+02
-1.133010475814871825e+02
-1.596169591945132993e+02
-3.402842049428471682e+00
-2.314419721385050934e+02
-1.247159302138446577e+02
-1.130356440043791508e+02
-1.002182316123816292e+02
-1.919597923383524858e+02
-1.348193013872366919e+02
-1.971796229718146947e+02
-7.329382731898452619e+01
-1.061167197947736156e+02
-8.964755155027572187e+01
-5.297580634221948515e+01
-5.866962934839466470e+01
-1.020903983490938316e+02
-3.870046805971993820e+01
-9.331512707579264543e+01
-8.463454266641313950e+01
-1.087166562170668698e+02
-9.140987176610481413e+01
4.928131889695350765e-01
-2.054502504198735835e+02
-7.113749831415123026e+01
-1.045582223781293152e+02
-1.087309357852073646e+02
-4.413614984430587640e+01
-7.367255826439587452e+01
-6.388546734494313739e+01
-5.949720011490995830e+01
-3.807279742178025117e+01
-1.943232211769968387e+02
-3.708895536765484735e+01
-2.010400678995276280e+02
-1.814231166850397869e+01
-2.445102518755599874e+01
-6.290610252069668462e+01
-9.700721613035305779e+01
-2.382684503641491176e+02
-2.304456910560449501e+02
-1.257529054892753919e+02
-3.314868773133377999e+01
-1.916396351088699817e+02
-8.824495359695350771e+01
-8.573974282463615282e+01
-1.159167444117496615e+02
-7.871300114110468371e+01
-5.693035878317089526e+01
-8.991017267847237804e+01
-3.333735657864596647e+01
-2.799223312051458379e+02
-1.078330743578492417e+02
-2.423610944604817519e+02
4.080662459915359364e+00
-1.029226472346752530e+02
-6.477643160786041676e+01
-9.640438078478663897e+01
-7.361476856354602205e+01
-5.372330966846575251e+01
-8.396178165960340323e+01
-2.530284371643288068e+02
-9.448084456812634357e+01
-2.418101783312739030e+02
1.245999910527571330e+01
-7.433882049797904301e+01
-1.090605870300972242e+02
2.114609432651009513e+01
-6.207584919058022876e+01
-6.386937980691507732e+01
-3.018583841373047960e+01
-6.301281068149904030e+01
4.310058333635639372e+01
-7.479381392177937471e+01
-4.093404461266922567e+01
-1.005200950710460006e+01
1.563990218257729481e+01
-6.561072771993541153e+01
2.102873664035678303e+01
-9.831473194801864679e+01
9.836248617162658192e+00
6.522545347042466801e+01
5.983924771124402042e+01
-2.077625679531566334e+02
1.321826255489109769e+01
-5.202406659568762848e+01
-3.336532577336399186e+01
-5.471044912110585301e+00
3.548038847614651559e+01
-8.217628263292922952e+00
-2.309420809103271210e+01
-1.079540619590196115e+01
4.507589559409041158e+00
3.075324094671454844e+00
-2.143881660433972058e+01
-3.176007004279511037e+01
-4.484902173169722062e+01
5.636268423483541312e+01
1.821265904633666466e+01
-2.462954627346370273e+02
-1.904658289633732693e+02
-6.527217780517023016e+01
2.441142495171266091e+01
-2.675266071765615834e+02
-2.373982305045979615e+02
-1.443517946188676149e+01
1.614232973084752132e+01
-4.759679973753407012e+01
-2.405714665481860948e+01
-6.722727685729557834e+01
-3.398034470540986263e+01
7.450268318669614587e+00
9.626593821594057943e+01
-4.012709674017565220e+01
-2.065477790034208851e+02
-4.104731503404478588e+01
-3.313977090704523931e+01
-2.100941634356061627e+00
-8.723714649318579006e+01
-7.062284844090775948e+01
-5.821912289243783789e+01
8.194667533811819737e+01
-1.952483600288866796e+02
-5.360694419255028720e+01
8.055312139414242267e+01
4.707395990456080881e+01
7.563681111109399069e+01
1.639998188323876604e+01
3.747874778724238354e+01
1.091925681279155569e+01
-5.471686517065961652e+01
-2.409372784838257076e+01
2.695351766088749557e+01
1.426039986761826128e+01
8.760309164762207956e+01
-4.057652841791033893e+01
4.505241194702682606e+01
6.422926683427536432e+01
-1.970294633829576583e+02
1.589545894451013552e+01
-6.047070605381228603e+01
7.710573859305489464e+01
-6.909444806727803723e+01
6.024260817735158469e+01
-4.893576067551056674e+00
2.210396909294000523e+01
4.173557498086771034e+01
-7.274383992110249153e+01
9.907683470881464416e+01
8.204747997006242244e+00
-5.607409194230804417e+01
-1.094141444734608939e+02
5.898246620798654760e+01
8.988084767002715125e+01
5.996150601389558688e+01
-1.014115111318898528e+02
2.780538200207898769e-01
2.707789607994320491e+01
1.499112492288043086e+01
5.066144823000486497e+01
2.047491684463260242e+01
2.906977275464248578e+01
5.864666045578528752e+01
-7.889458950025212403e+01
1.220346433586138062e+02
-9.090035830199272482e+01
8.147140878548586329e+01
5.842503028290587963e+01
-2.134877463130712556e+02
1.028185107813784072e+01
1.104852239309487061e+02
6.810770169469512325e+01
-1.996080745806515822e+01
-1.881165272736154748e+01
1.450677485419319339e+02
8.134516062896692290e+01
-8.620753328222831158e+01
9.829204854768335053e+00
1.235583696863758547e+02
2.711061343278641189e+01
6.049446404076289241e+01
4.106481336334230292e+01
8.949416882419745889e+01
-7.326285647427684466e+01
7.130929767154820809e+01
7.445398522474371816e+01
5.589294421405099911e+01
3.055874959920583223e+01
8.570145793367623810e+01
5.354191969378470617e+01
7.421660694074857645e+01
6.964654807521785074e+01
6.121453047019322469e+01
9.460062952807200531e+01
-2.319769964432549614e+01
9.109597367647623400e+01
2.660696723847249956e+01
7.841599793891790959e+00
1.285001376914916875e+02
9.641009222170222870e+01
5.333881530988669795e+01
9.657158164254998667e+01
9.709799073621263688e+01
4.013891103805158167e+01
1.070200644539243484e+02
1.024886330207006893e+02
1.254527034504746155e+02
-3.551162658737372908e+02
-1.071489127045627754e+01
8.766261121691536573e+01
8.409729957226842600e+01
8.671289794775927362e+01
-4.872717832379544234e+01
2.417140895614097929e+01
4.880905096403075305e+01
8.884821416935808713e+01
1.093633790392957792e+02
1.189882308005191618e+02
3.187439626019613215e+01
9.085797939246094757e+01
2.809327145398896164e+01
8.615109430361226828e+01
8.188529455994320472e+01
-5.880897560937776802e+01
9.113807892857282411e+01
7.749440216366910761e+01
5.307589030584991718e+01
1.132364993443717935e+02
-1.045584111329976196e+02
7.910778484731622484e+00
3.432732673102105281e+00
1.193879412125847352e+02
3.416725453031599358e-01
-6.724066620419951334e+01
3.777820789813743918e-01
6.326806586480267924e+01
4.809183914235973134e+00
6.122029025735502472e+01
9.078202141114458357e+01
6.068687340977558620e+01
1.338302469274071314e+02
2.962070692325027608e+02
1.059538144922836977e+02
3.008679091445555542e+01
9.837521172174054129e+01
7.323468843603379241e+01
1.171514263697919631e+02
7.730445963144815380e+01
5.799995944958131133e+01
8.317895522523801333e+01
-1.627204383660779570e+02
5.396852173268149500e+01
7.206606732135426796e+01
9.143850095870715222e+01
-1.367183451298756154e+02
9.696400369831809485e+01
6.258665770300444109e+01
-6.178380761923349951e+00
2.193170113193772863e+00
3.365568847003331854e+01
1.525720899468052778e+02
1.015313655488998990e+02
1.152509716216310665e+02
-4.732307060882757810e+01
9.632289357414808251e+01
7.230772410314369836e+01
1.552246269958659468e+02
5.932439366668540970e+01
6.702223819524202497e+01
4.142411299181363660e+01
1.285013412821130601e+02
1.045556097267004816e+02
1.891074137784446805e+02
1.399794364731232292e+02
2.177137785542652182e+02
2.676913990657973272e+02
1.249800365500682631e+02
2.109061059619946832e+00
1.292216186815544177e+02
1.266759029262141780e+02
9.734028249761473717e+01
1.149184859150831386e+02
8.693134663900600856e+01
-8.945259843420379298e+01
1.250506075565376136e+02
9.895711895478608255e+01
8.323021639534100302e+01
-1.550314739787184237e+01
3.883739882616576544e+00
7.379311628368223808e+01
1.351589300665962128e+02
1.738634220446759855e+02
1.359174423556999898e+02
2.250790591230263260e+02
7.137956558063928014e+01
1.936414679544304533e+02
8.954596022441305081e+01
9.655849642576312419e+01
2.170447310186615368e+02
-9.896745437924023747e+01
1.195630288168417934e+02
3.665808849335587638e+01
1.638345349457579516e+02
1.054851811626230500e+02
1.102759652301269426e+02
1.059903327018649577e+02
-1.576664882245536035e+02
6.785271316289752974e+01
-3.611784169835027569e+01
1.226443632627482430e+02
1.491310925882212644e+02
2.939703350900701935e+02
-2.626371953729173470e+01
1.103178628215667061e+02
1.344774990383845932e+02
2.566752510510535785e+02
7.570299000031488390e+01
6.446474373610789144e+01
2.823882762562856215e+02
1.437038377424544251e+02
2.626281950591023815e+02
1.612366655339006343e+02
1.941330974071273658e+02
1.040323611931591472e+02
1.110574627593190939e+02
1.305931873998154060e+02
1.212018082227261573e+02
-1.454907064689667209e+02
2.869398524067448193e+02
2.620023260217905090e+02
3.055389034723851793e+01
5.954263364801064995e+01
6.148592114289002097e+00
1.325884288527606429e+02
1.531085558359996526e+02
1.821873512413691856e+02
9.244666609378671751e+01
2.773023713631225178e+02
2.819410735845972908e+02
2.639403257209613685e+02
1.254395951262275872e+02
2.588072669619705266e+02
2.303516699363730424e+02
2.897960044744396555e+02
2.889992329648598570e+02
2.756378628025797752e+02
1.720452636987670587e+02
-1.778083011980243100e+00
2.738024742866224415e+02
1.759186448949770352e+02
1.616218566482407368e+02
2.487876184928257430e+02
1.760112636733683757e+02
2.416871883064978874e+02
1.599755722240223008e+02
2.590594955471163985e+02
2.928676548206472035e+02
2.729412735405476269e+02
2.579895743454693502e+02
2.345144907470949533e+02
2.446012063300468071e+02
1.512402620174502772e+02
8.775921787816209019e+01
2.896756540202097199e+02
2.295953454198466375e+02
2.381874869430430977e+02
2.792454747809175615e+02
4.295728212236230092e+01
2.298289085416950570e+02
1.621919988443041234e+02
2.794142349680734014e+02
2.997909683347739573e+01
2.878740017045187187e+02
2.620157621196953528e+02
7.586790643274862589e+01
2.682024127245406362e+02
2.244940738224254915e+02
2.546919217996250495e+01
3.152491211255856456e+02
1.926132612234165435e+02
2.698953610712017053e+02
-7.430893231334522397e+00
7.146345795526188738e+01
2.828215523123144521e+02
2.727769453719118360e+02
7.358633882905755286e+01
-3.106456391031052533e+01
2.162446449048189265e+02
2.263975564177541742e+02
2.675825950035465439e+02
1.318521354608023444e+02
2.298854286635679216e+02
-3.008208706387495113e+01
1.232981131408693045e+02
2.509126503395619352e+02
1.626155784801905497e+02
2.492981535544618907e+02
2.690332274558244308e+02
2.803461446377591528e+02
2.778245760787892777e+02
9.098418366052743522e+01
9.782520521113373491e+01
2.675257629800830728e+02
3.001829071421741446e+02
2.511199911342865789e+02
2.784595721790089442e+02
2.990375088037908426e+02
2.489630677001210302e+02
1.989246543099242786e+02
2.674339043061082180e+02
2.896429395699831844e+02
2.612860243185768354e+02
2.629915141008729620e+02
2.567008520566999437e+02
2.787665619799698788e+02
2.573542469310426668e+02
6.157641496211752496e+00
2.668268815189495626e+02
2.922243376849580727e+02
-3.278694726344647279e+02
2.858165167072345412e+02
2.682736215365056296e+02
2.797257302641328351e+02
2.561092095495862395e+02
-3.691219354470555345e+02
2.615481250924459573e+02
2.370609683457178960e+02
-1.421492743448466740e+02
2.840253568625629441e+02
2.522483601031651972e+02
2.720105864787854557e+02
2.554112184300922479e+02
1.998168410407437250e+02
2.647871363129106044e+02
5.342229373668061498e-01
2.599068788068174740e+02
2.162096314627699201e+01
2.455940662445692055e+02
-2.823350971129909794e+02
2.688281041163087366e+02
3.121108400083858214e+01
-1.149622077112926348e+02
