-1.253587338622690908e+02
-3.428222558478108795e+02
-1.458912827841110129e+02
-1.255181166115479812e+02
-4.232842748275784288e+02
-4.262159777527226083e+02
-2.177010780681491156e+02
-1.023071309120752517e+02
-3.026418367558687805e+02
-5.706690200503480526e+01
-8.450222672852288497e+01
-1.366601029211755360e+02
-1.103756083985038003e+02
-6.344663138750040332e+01
-6.053541020545966944e+01
-1.899223156932815186e+02
-2.877778204847576262e+02
-9.829087784903579461e+01
-1.173444792610910099e+02
-2.520895963801542905e+02
-1.922923221926690189e+02
-3.122754345492600123e+02
-1.447408351466002898e+02
-1.577652575123494501e+02
-1.942960088437551747e+02
-1.030661072335557407e+02
-1.250473644464703256e+02
-1.155216749321919707e+02
-9.656422857912100710e+01
-1.530918029507695621e+02
-1.268014253360063321e+02
-1.123661984579700146e+02
-1.019720958768347998e+02
-3.235973649185015120e+02
-7.452923331530828932e+01
-3.620242021428480683e+01
-2.376444590765478040e+02
-1.184961626450244836e+02
-6.104372625133015617e+01
-3.204522924088259117e+01
-1.149494060279275374e+02
-1.144834971603520160e+02
-1.582710916465227911e+02
-1.259298133492165164e+02
-5.770753479942899133e+01
-1.656943960869450905e+01
-8.438114458068861268e+01
-5.537519409508551860e+01
-8.066620276964728475e+01
-2.188436215406824203e+01
-1.906332778229831604e+02
-7.541643431501998407e+01
-1.746006241796064842e+02
-1.594909246455641494e+01
-1.139400092150431476e+01
-3.059368700031788535e+01
-1.299094080328774226e+02
-1.298357304870683890e+02
-3.301536368313115872e+02
-8.034477048422782275e+01
-1.013197924937100964e+02
-3.986402414994180958e+02
-1.985812827454327589e+01
-1.514250076777175309e+02
-7.536969260477536636e+01
2.138623967684968363e+01
-8.050179086211259971e+01
-4.142603479758967921e+01
-1.921542361196833326e+02
-7.171066283712247014e+01
-5.438823446950157603e+01
-1.103419494306567543e+02
-1.125259065839725281e+02
-9.358911587686743871e+01
-6.484721857910230369e+01
-8.110968856768444368e+01
-1.142597211293194590e+02
-7.976786661390625000e+01
-6.108168018222256990e+01
-2.652599060919516205e+02
-1.334292094713662777e+02
-3.714304101669114289e+01
-1.358596624534744137e+02
-6.799910624711955620e+01
-1.212992201332059778e+02
-7.142754698903468125e+01
-2.439590347115822340e+02
-1.007176251374936697e+02
-3.016763961272241090e+01
-7.967303907015013920e+01
-8.181138315089478397e+01
-3.873211702148742575e+01
-2.487407351975573420e+02
-5.612664251377798053e+01
-3.615696672475630180e+01
-5.765716829143667610e+01
-1.036970174829397848e+02
-7.272262806899517784e+01
-1.086517273501881533e+02
-3.343055181357013339e+01
-6.468309890631601888e+00
-8.381326514977837405e+01
-7.766467304045016817e+01
-4.729614639888723104e+01
-6.828473117464473319e+01
-7.276865401463932415e+01
-4.611685750204050294e+01
-3.937109608034535313e+01
-1.022097061905708983e+02
-2.673555329396286595e+01
-1.121924577425453009e+02
-1.110335809822932589e+02
-2.363209400734743326e+01
-7.569266197223396375e+01
-1.403012765704483797e+02
-3.747016317107166117e+01
-3.498291738080915536e+01
-4.483961042953897902e+01
-6.732839832375097444e+01
-2.013427347354476353e+02
-2.225278582956229911e+01
-2.569919957425885571e+01
-6.772429810473519751e+01
-6.908606384459943683e+00
-1.138548899156286751e+02
-4.425171187384449212e+01
-1.991405912092044161e+01
-3.221618396663291151e+01
7.320524340764620774e+00
-3.795809209717237565e+01
-4.567966173902501481e+01
2.534400109481742902e+01
-8.308715187094949783e+01
1.247911953352554377e+02
1.257396611431005340e+00
-5.859068949960341399e+01
2.612763858042603715e+01
4.800638502797394835e+01
-5.925788482456781026e+00
-1.377223762358920567e+01
-2.834346819335392809e+01
-6.162203948325237945e+01
7.940274385545606606e+00
-6.076192600519590314e+00
-4.333038242328715484e+01
3.248247793055847410e+01
-5.803733938343501109e+01
7.996753061798882811e+01
2.114770614973748764e+01
-7.369237732579094313e+00
9.234164988662149653e+01
7.129601217035173022e-01
1.254260980822385818e+01
-7.908088738241148974e+01
6.357358476837573491e-01
8.700749147348318502e+00
2.674210585551984920e+01
2.769133647924648756e+01
-2.397177921325025807e+01
-2.560243190918501455e+01
-6.226832035731931114e+00
2.982598594239200906e+01
1.401479895548260401e+01
-3.002541689096602795e+01
-3.490649308255612482e+00
-9.599324220070440106e+01
1.635264138343657692e+01
7.628284568908753727e+00
-3.613726845469855675e+01
-3.622523179434273999e+01
1.611053447874404299e+01
-4.640487787318036794e+00
4.668310136644547015e+01
1.334492149105901149e+01
-2.406982812891885146e+02
-5.005860036208268582e+01
1.183458344292489350e+01
7.851007431888456622e+00
7.494515541285417726e+01
6.235259733355120915e+01
1.184736077370268532e+02
2.028268075696325923e+01
1.949410519168144873e+01
2.389463178019254030e+01
-5.468606885616510027e+01
-9.273674003813850675e+01
-1.334564446210508493e+01
-8.673896537625820713e+01
1.269992325888414086e+02
-2.437897112084388596e+01
-1.752556870083020613e+01
3.113027580661901084e+01
2.251592043932362230e-01
-2.907107319163146997e+01
1.138119579826853425e+02
9.937803755797645522e+01
6.393728991227095548e+01
1.447154400582265339e+02
3.296911349797643709e+01
-2.659494439516470266e+01
6.956395327954976437e+01
7.444923196165117929e+01
1.470595115251409766e+02
-5.652696651325141630e+01
-1.323957031137954345e+02
-1.628450422074270421e+01
-5.147781189025781146e+01
1.448016919398676805e+01
-3.724795957734737328e+01
-2.981113662754194138e+01
-2.333527457875435118e+01
1.568054608147754436e+01
4.241790770982333925e+01
9.109298410904841603e+01
1.741180792846932945e+00
1.241035030943570661e+02
9.989817833648642420e+01
-1.171330836479677089e+02
-9.766618753492124938e+00
-5.011723027639415307e+01
1.866466509991265355e+01
8.732208297429866661e+01
-3.207830762771010313e+00
6.786688644641640167e+01
1.309082295201340003e+02
3.561845534811731540e+01
8.789097515031829744e+01
-3.484832623254025918e+01
6.950300757223584469e+01
3.990239060488878664e+01
-2.865697843567768643e+01
2.260978264964316509e+01
-5.317790592211514422e+01
-1.168959316366952805e+01
3.407212968776769912e+01
6.183504436308595587e+00
-1.451431348595158966e+01
6.987146264867935486e+01
8.424510629230861980e+01
-1.107351754697533863e+01
-9.801768492969416968e+01
-1.829167424031628286e+01
-9.087824388828853728e+01
9.799945380167719122e+01
9.468372169757178369e+01
9.863651984241661808e+01
-4.068052877636320375e+01
2.669985631142813531e+01
-3.421472395362074792e+01
8.180280177140052444e+01
7.034640423328691838e+01
-1.071816123819895950e+02
9.366831151617803641e+01
-6.377713233276921301e+01
7.990253041436510273e+01
-6.899653351906569299e+01
1.120159911871484866e+02
1.123502462837286515e+02
-1.064814230203999017e+02
7.353587262540298752e+01
1.098922007241015848e+02
8.697180672816821811e+01
-1.369669637712991062e+01
3.638040644900993925e+01
-2.375046197758523192e+01
7.575937089886528497e+01
-5.488913357267094284e+00
9.543100212422586992e+01
-2.262395562033901797e+00
1.364199543492030386e+02
1.083359483218893473e+02
1.032350199790291327e+02
-1.259952590103893044e+01
7.929290232158548690e+01
2.145269475555376459e+01
1.027255966168843599e+02
3.093367201182808301e+01
9.977627582621232705e+01
8.734144356685895616e+00
6.236431415662809741e+01
1.077045435220670413e+02
-1.622148401080430062e+02
9.137357160833711589e+01
-5.456731668188181672e+00
-1.503082652801710140e+02
8.728412907217405348e+01
1.336281188758603093e+02
7.959854339425071146e+01
9.305959760813891535e+01
8.144152071870495035e+01
7.126432308935525839e+01
6.342948176102137836e+01
1.187787383076644403e+02
8.593770749160476896e+01
1.392881067849152998e+02
1.318597219290667226e+02
1.295221971639824687e+02
1.343819815459685856e+02
8.059283330613547491e+01
7.033302185468512846e+01
7.130725086571612792e+01
1.261319871425229309e+02
1.155375069824281269e+02
9.835349485245320977e+01
2.919963885252968083e+01
-1.512069534915298163e+00
6.529687219696825196e+01
6.344598378063793120e+01
1.189155151695091348e+02
1.092933779540603609e+02
2.995533443714924360e+01
-1.768627655584121783e+01
9.860847313525432867e+01
5.513092380877237986e+01
7.818804828048835986e+01
1.548936053401849620e+02
6.935082859523475918e+01
6.249936561621932896e+01
4.276338966326444080e+01
1.410580878106215330e+01
7.138918782424555332e+01
3.635744807750769780e+01
1.047637955440711863e+02
-1.584678744732538291e+01
2.025525690832094483e+01
1.542701821270710241e+02
1.328284076330619179e+01
1.551895810672542666e+02
5.827882520924956111e+01
5.093036733127556204e+01
6.283037170262237225e+01
5.368293053671284554e+01
2.625684707232407789e+01
2.262885688631966730e+01
4.918385561612970491e+01
1.288993817321280062e+02
1.254514139544943845e+02
1.158274696874751015e+02
1.102440008270134228e+02
5.251868346600892323e+01
2.741613240505038362e+01
9.848335746508074351e+01
1.211594679447361784e+02
1.397525696709153351e+02
1.065670462027223238e+02
1.384984176242039666e+02
2.196829109833000970e+01
2.200506108963196539e+00
1.554584389481882738e+02
2.626018734288771839e+02
3.014349570817998938e+02
1.831454891247767591e+02
7.574550271076647334e+01
1.016182213541189867e+02
1.724366313737251062e+02
7.229751526925541327e+01
8.798733820454013710e+01
2.704183060094084112e+02
3.383163984800989255e+01
1.658647517935130509e+02
1.344622022798350258e+02
4.389237127880625877e+01
2.702801147547527876e+02
1.103637164324488111e+02
5.090798955234676271e+01
4.127148790559662217e+01
2.896197852656673604e+02
1.280014460021299669e+02
1.838987640095228926e+02
8.570452455769633104e+01
6.333365645789245235e+01
2.837140617307602142e+01
6.652830350469849918e+01
4.109741075838940816e+01
4.765107006172740967e+01
1.577995826385228213e+02
1.873818589131702481e+02
1.319126427919144646e+02
7.573706238523917023e+01
2.472619866157319279e+02
2.669982259277668390e+02
2.628609733414103857e+02
9.595271360281768125e+01
2.303856709971822738e+02
2.705757089109619073e+02
2.462573333984829276e+02
-2.750603774477013417e+02
1.250539140531075191e+02
2.055506504716732650e+02
2.628535278717665733e+02
1.762926627735636202e+02
1.391284196255786867e+02
1.210095081314245391e+02
2.784949161846788002e+02
1.936856356232166263e+02
1.648395097775228351e+02
1.772419318658398879e+02
-6.122525222940922163e+00
1.437982305137550725e+02
2.740335832158527865e+02
1.807924460722815638e+02
3.875654188825481583e+01
1.751189139570100792e+02
2.392266638438418340e+02
2.070845893571856493e+02
2.303431126884295281e+02
2.630556558340724109e+02
1.206686965963148737e+02
1.277365233321047384e+02
1.381858127778963308e+02
2.780160484778419914e+02
1.894621016963989746e+02
1.648098423386704212e+02
2.656473015787820486e+02
2.427716845150329732e+02
2.861492350250454706e+02
2.714205990813802032e+02
1.479852129714780347e+02
2.793587743408051551e+02
2.333572958721502459e+02
8.546479502766770509e+01
2.622190575928950693e+02
2.487816149533397834e+02
2.525296733870397077e+02
2.312964661730815692e+02
2.626455343195973455e+02
2.551996986714474076e+02
2.483596557532374618e+02
1.328574978283054406e+02
2.352666918949591093e+02
8.718835572464809047e+01
2.824780202922493118e+02
2.441065261083468840e+02
2.600472448541745507e+01
2.673609039832782628e+02
2.487975135139166127e+02
2.941399375579821935e+02
2.490785059091293192e+02
2.644510096068213443e+02
2.392040750659127752e+02
2.528211705180095237e+02
1.760546965372934665e+02
2.573960300660634744e+02
2.737240137151737827e+02
2.238004171388808459e+02
2.425077216272357532e+02
2.257449832399230445e+02
2.312949490675814559e+02
2.559688245900476034e+02
2.200408712051087718e+02
2.501310480722463296e+02
7.009252408972567139e+01
1.732379390174926925e+02
2.514961920498516008e+02
2.684145384229786941e+02
2.664986691825170055e+02
2.402463096474034216e+02
2.606865708322736737e+02
2.792613372319455038e+02
1.007917180159560075e+02
2.387446010090908999e+02
6.280717756662095042e+01
2.504272605988688838e+02
2.613965110319390419e+02
2.497612463959845570e+02
2.519927394933466758e+02
2.719213641210014316e+02
2.337874819176200845e+02
2.736805022614445306e+02
2.848222716792622009e+02
2.027265895503725801e+02
2.399898389201943019e+02
2.508022842697595252e+02
2.352777722523751720e+02
-1.991947907066305845e+01
2.922664069806184557e+02
2.519220950206145631e+02
2.202011009082149826e+02
2.423177925139341085e+02
2.254435836862144242e+02
2.503619609165868951e+02
2.708597281601128088e+02
2.821440644031772536e+02
2.396774348883345738e+02
2.866406090633389567e+02
-2.391770530774664394e+00
2.495354224353612835e+02
2.621958391620898965e+02
2.664558729279210638e+02
2.596068126013780102e+02
2.491997797538026020e+02
2.807135276023763026e+02
2.126348884000650514e+02
2.252598888775003729e+02
2.605725033437513503e+02
2.729963584205648885e+02
2.712836956187289843e+02
2.458366645785236813e+02
2.679959895525165621e+02
2.461434967745490212e+02
