-8.666213051432481507e+01
-9.192851376400780339e+01
-8.231770894803898386e+01
-2.572389681311607887e+02
-3.050610346167420630e+02
-1.039246596650792327e+02
-2.192221462885142955e+02
-6.403514445224699614e+01
-1.474558084184872087e+02
-1.080003767443535594e+02
-7.897036054893079893e+01
-8.620732164723752078e+01
-2.981199603680209975e+02
-3.300002913530111641e+02
-3.404039157958323472e+02
-1.312908404366579589e+02
-1.235926011208304089e+02
-1.725436642280656088e+02
-1.022240085490154797e+02
-1.744319282269271412e+02
-2.297457615391511183e+02
-8.085037423396370571e+01
-2.254847071001871086e+02
-2.345905010415179959e+02
-4.284754742168535699e+02
-3.238525468955609199e+02
-1.398420047337239680e+02
-1.796391746842921862e+02
-2.532235022331873040e+02
-3.970502094910845585e+02
-1.577270041461055143e+02
-2.374791763784685941e+02
-4.211893985356564940e+02
-2.986134490698043464e+02
-2.644541893604107372e+02
-7.314953035302670514e+01
-2.612851812336003832e+02
-9.764332037912726037e+01
-1.459534678819993871e+02
-7.457639315719697493e+01
-2.132674335109455228e+02
-4.359620984292801609e+02
-1.093580025622627545e+02
-1.773559118496557403e+02
-1.226596081836321730e+02
-3.042920166345097641e+02
-2.127625198235199377e+01
-1.883577603067271866e+01
-7.584789634934531932e+01
-6.691919022092073988e+01
-1.908715405012931114e+02
-1.271703345788228745e+02
-6.901920775045550727e+01
-9.168982474653226689e+01
-7.029568738106559067e+01
-2.004845135500839319e+02
-6.287105458563017635e+01
-1.424484822553533547e+02
-1.679757423558692722e+02
-8.797486842594625500e+01
-9.241107368997354854e+01
-5.807299352420474747e+01
-2.242444616658231951e+02
-1.036432138069257149e+02
-1.111316578656968517e+02
-8.387590242424069231e+01
-1.877368700550807432e+02
-7.073455722161004644e+01
7.157746191570538485e+00
-5.649410384812915709e+01
-9.574970464216076493e+01
-8.215241877965199535e+01
-6.177892707427056962e+01
-6.741064010102647330e+00
-3.488058207033913050e+01
-3.110976999493702806e+02
-1.191679313873776778e+02
-1.399288001123773029e+02
-1.317645996896844451e+02
-5.756155778549732815e+01
-2.681411903128050085e+02
-2.573543869982134993e+02
-8.266342354811615678e+01
-3.245900838293559332e+01
-7.831555506728767568e+01
-1.024104231223391821e+02
-1.249322124915536847e+00
-9.172671761653604960e+01
-9.326837149626108214e+01
-5.318774522003271699e+01
-5.504309196858341835e+01
-1.154733265994466223e+02
-1.141827016685176943e+02
-1.099412496106222363e+02
-1.756972797197745990e+02
-6.063778772952618112e+01
-8.365356100996865507e+01
-6.847623296997429065e+01
-5.370146872680688688e+01
-1.984094515971221426e+02
-9.843510221612477551e+01
-1.284619909602608345e+01
-3.703356108442493166e+01
-1.231825809884531253e+02
-4.863898512285578590e+01
9.806783975569814515e+00
-6.634933025855521294e+01
-4.903126146760544657e+01
-2.233356735879066264e+02
-4.838026425377930195e+01
-4.591378622799909692e+01
-8.543784285108156951e+01
-2.734587002460924055e+01
-2.741389846945489239e+01
-1.250460344881019665e+02
-7.581997123171476005e+00
-7.143004671836864361e+01
-4.264233619266293829e+01
-1.770261728574622850e+01
3.584748235964082141e+01
-5.981185824067651424e+00
-3.254069859213302607e+01
1.279978500473822578e+01
-1.077637990655638447e+02
-7.531106438004610482e+01
-6.846202738781832409e+01
-3.940286310125650004e+01
-3.826686397131930306e+01
-8.445923990065061560e+01
-4.835931065965110065e+01
3.687708119993402534e-01
-2.014358126664662905e+02
-9.213074753453690846e+01
-7.793543877487019245e+01
-2.000096678339896528e+01
-1.071045657834864073e+02
5.666487943307973296e+01
-1.248285538153390739e+01
-4.180696348722730704e+01
-2.685490458156523630e+01
-3.783714369807427857e+01
-5.188067034086415674e+01
-1.514051799769238471e+01
5.702905249460599180e+00
-2.883925911772361417e+01
-1.260221412643453220e+01
-4.736261303709170534e+00
5.734800663289306044e+00
-6.050048728316360780e+01
3.699153741672532192e+00
-9.628260304580801687e+01
-1.898992396020827300e+02
-2.574139933774972633e-01
-3.604635664296807818e+00
-4.042225754780841385e+01
1.077723103681184114e+01
-6.571710466653513549e+01
-1.877321025830066787e+02
-4.366794551436888128e+01
-6.869840667893716102e+01
-1.573892473228804079e+02
5.110867786884163877e+01
-9.106274183502702613e+01
8.330182152148020691e+01
-1.945212487898505671e+01
-6.245293344422890414e+00
-2.187700750262203542e+01
-7.005369991260349138e+01
4.968809767544565403e+01
-1.274374357619802822e+01
-1.504703724453134726e+02
-1.377481867503067576e+02
-3.690945434440435236e+01
-4.091334196966187875e+01
-2.637562318305128883e+01
-1.932848898129583404e+01
8.802759701041205176e+01
-1.545710536502327273e+02
-3.316235270838689075e+01
-2.954651812291531954e+01
-3.536484814733103121e+01
2.306404697905283285e+01
2.168127573560851395e+00
-4.876586164576866622e+01
3.110665991057347313e+00
-2.433169357378565962e+02
1.250807172473962225e+02
-2.025042614234456551e+01
-7.494961204752142692e+01
-1.818929500437505453e+00
1.091050389401118821e+02
-2.241152848437691887e+02
-2.483301327645119727e+01
-1.325898281945754320e+01
-3.823083500320901607e+01
1.359021078767516144e+01
2.920681791416215489e+01
4.347546871404475155e+00
6.596113266725575386e+01
-2.917289867201114362e+01
-8.907577405135192805e+01
-4.294377114085780534e+01
1.089470843022535718e+02
1.148563443918566946e+02
-2.888410987004267838e+01
-6.845902492926160221e+01
1.423460043954312937e+01
-2.690935875649441300e+01
2.875475036541098817e+01
4.645176139786707381e+01
-8.156267666397980065e+00
1.106173454166147678e+02
4.360798699351434493e+01
3.024690445861651256e+00
8.768569104074202869e+01
1.729613571071038507e+02
-2.124346071777986822e+01
-5.372110343108853669e+01
-3.589976971365271652e+01
8.751182926892721525e+01
-1.220859825043036153e+02
9.075821568687325680e+01
1.000598097902899184e+02
1.353484373104204508e+01
5.456175389773376239e+00
8.225888672690936687e+01
4.011849440048892745e+01
5.859313886735129984e+01
-1.308642085438856384e+01
7.474138984389938400e+01
1.248380155336623147e+02
-4.166874455132443700e+01
-2.638810548807762757e+01
5.472061356381132669e+01
-1.397478530798846919e+02
-4.696234175342430461e+01
8.300787512535207213e+01
-3.497443829277807481e+01
2.719371522140714958e+01
1.231683101655918335e+02
1.455737334474773945e+02
4.423498675325232909e+01
1.883420481091667682e+02
3.818391732233648383e+01
1.590585430663438160e+01
-2.362437303077274464e+02
1.234428437615909502e+02
-1.205513542873226953e+02
3.839177732235394558e+01
1.490508252072183515e+00
9.210311407596714162e+01
9.575745713619308930e+00
5.129039369383654190e+01
3.208609706593014721e+01
9.948132266080904174e+01
-5.193273990792150130e+01
-5.892567257038587769e+01
9.157978491932904319e+01
7.359767116343877547e+01
4.905040262569207243e+01
7.346928877529713020e+01
9.053295296688568783e+01
7.038011538760970609e+01
2.179487156612557897e+01
4.188665428041052508e+01
8.733937892443393025e+01
5.733670232359683183e+01
7.995876546744062807e+01
3.518778104849181432e+01
5.531226657193741403e+01
8.003097293840491488e+01
4.220182938231516090e+01
2.993632457356202181e+01
1.182335230383268652e+02
8.710042760852608978e+01
1.800413034046805194e+02
4.776645200455901374e+01
1.401974923818076668e+01
8.917814768851803819e+01
4.096212584110309507e+01
8.330869311175553094e+01
9.248910358573201052e+01
1.275650014714555880e+02
1.653059953382879144e+02
4.938650242750810548e-01
6.820214611312754016e+01
9.933234329733046764e+01
1.084175287485245320e+02
1.122934541030517721e+02
1.574787411629133089e+02
6.778576337371826810e+01
1.061646674792432066e+02
5.644481526135130878e+01
8.739922063925109796e+01
7.388351687526625255e+01
1.782633522898335912e+02
-6.214832514339850889e+01
9.275757041259315372e+01
1.234822936494201429e+02
1.118881763112750036e+02
1.137263157121733883e+02
1.234897692815755903e+02
1.295460992392447110e+02
8.950699229184098726e+01
8.298109092931068176e+01
7.878673683604229439e+01
9.551862404209519752e+01
1.161098029502793167e+02
8.250125694704334478e+01
1.364084694609891244e+02
1.841433911908067671e+02
2.568324568302905391e+02
1.101940605361889141e+02
-4.997270482933292612e+01
9.896671048533885084e+01
1.025498063673148010e+02
1.707202060340437697e+02
-3.832247780223505629e+01
8.788098736168544178e+01
1.164074940481855407e+02
1.390339368444547006e+02
1.620774991251477672e+02
1.347455161311866050e+02
1.570761659457768644e+02
1.539711204818987653e+02
1.263286650164025389e+02
9.339516281095202999e+01
2.189723795248500835e+02
1.076049498822485759e+02
2.717162712704014211e+02
1.531622432086674621e+02
1.408756130709125785e+02
1.378588037943960387e+02
1.381767475984576379e+02
1.097597843622580740e+02
1.479750332411344118e+02
7.264295188673736448e+01
1.268586222803937886e+02
1.280704767320370081e+02
1.538323740433341982e+02
1.463857308153785084e+02
9.903487005258155307e+01
1.472067165187195599e+02
1.664648270904015703e+02
2.046607805395778712e+02
1.421804935834583716e+02
1.360008121629186348e+02
2.355692384885140882e+02
1.145754482399701288e+02
1.551382012954447305e+02
1.340307963721920146e+02
2.527647674551849377e+02
1.226290920833364879e+02
1.230854528155357315e+02
2.620841496157862593e+02
1.157597444539123899e+02
1.414025952310068703e+02
1.470888298268310166e+02
1.468114363570201135e+02
8.962321729294167483e+01
1.516437401478780771e+02
2.587074119201236044e+02
9.498493202097132837e+01
1.129626236176625014e+02
1.021662293401134889e+02
1.685451453464721681e+02
1.785742524108268015e+02
1.221605457931486853e+02
2.704040176479585966e+02
1.293954348440737476e+02
1.519843540210907236e+02
2.438232034112228064e+02
2.975032033669756402e+02
1.467115862205511689e+02
2.794489501244968324e+02
9.813067103444662109e+01
2.552566120602334081e+02
2.097244087637421899e+02
2.370082214456217571e+02
2.453570989563946512e+02
1.432781860520925079e+02
1.864439887620598313e+02
1.339472029584474342e+02
7.317846310634240581e+01
9.804629172097088485e+01
2.313920206787321376e+02
1.679564706337865516e+02
7.971062108792503409e+01
1.671249210916696484e+02
2.173003023700292715e+02
1.059356781223287243e+02
2.146879399460324578e+02
7.577652553397864210e+01
1.308464962897561747e+02
2.229931852995026134e+02
1.379498009652090786e+02
3.363672965792999037e+01
1.046801352597181278e+02
2.161741878479408570e+02
1.893530963578633077e+02
7.680978203455489961e+01
1.761078392282778111e+02
1.022680013640069632e+02
1.928831232272057434e+02
1.271927770299821674e+02
-1.241670293286828439e+02
5.103267007076322415e+01
-2.076921048954959019e+02
3.061778500546125201e+02
3.096347315029925440e+01
2.349233757615781713e+02
3.512412916993864087e+01
9.044023824385472210e+01
1.073094962443740599e+02
-9.261207153055009655e+01
2.654262795153771322e+02
-1.109642405261849518e+02
-1.335789868606048572e+02
5.466033054082109288e+01
-3.096115164386986862e+01
1.647844882509538138e+02
7.785362951526003883e+01
1.037991244328167681e+02
1.106258934113807157e+02
8.388873228314648145e+01
-2.653425011782751142e+01
2.082021157885345133e+02
5.603975396820176513e+01
2.148265188441943678e+02
2.761825787606177300e+02
9.886085671663950336e+01
2.385712442048689752e+02
2.746721597314516430e+02
2.804611005862832371e+02
1.614444628071749719e+02
2.527984059423807821e+02
1.383222313122979301e+02
2.451927741738185773e+02
2.768016407259218568e+02
2.197032897696221312e+02
9.504788309984803618e+01
-3.065054250434052108e+01
2.457625436284104978e+02
1.029028417212560669e+02
2.793405248957977278e+02
2.390685924415259080e+02
1.921386646757916026e+02
2.696814610659664595e+02
2.600439485493997154e+02
3.140473928288472507e+02
1.590788741550469751e+02
2.774288304688785729e+02
-9.094007921895919822e+01
2.697873135759197112e+02
2.622988811632867510e+02
1.897738319246461174e+02
1.235202914889345465e+02
2.779557587328227442e+02
2.563314234305721016e+02
1.372503503110192185e+02
1.746793895487078601e+02
2.750753656593804521e+02
2.954674620834477992e+02
-1.053379366997132394e+02
7.816537276798570133e+01
3.042446421690973466e+02
2.747727328358324144e+02
2.340814342460902253e+02
2.695174179016306653e+02
1.497190767963176654e+02
2.567926533821430439e+02
2.445963607699573856e+02
2.651682710811893458e+02
-1.233825414108233645e+02
2.894156415398563809e+02
2.678546330215026501e+02
2.542695099771941045e+02
1.443533285794043195e+02
2.857042245693146469e+02
3.294594879104182183e+01
2.930265240684234982e+02
3.028746203479225869e+02
8.422766631318026498e+01
2.875752215573410240e+02
2.661167819114796771e+02
4.574213362284197615e+00
1.681373845033495229e+02
2.651213639476840171e+02
2.196935549897910107e+02
2.491487873429733781e+02
2.160413413627172190e+02
4.509563576006485164e+01
2.215402167319073783e+02
2.727252068032455554e+02
2.403726142077816803e+02
5.780111734253290479e+01
2.708056114867408724e+02
9.448115082286814470e+01
2.676676134554637656e+02
2.737318498681724463e+02
