-7.439777936697220184e+01
-1.521353516575380809e+02
-1.825089803794397767e+02
-9.056047149521980089e+01
-9.980406631982792476e+01
-8.374487347959595240e+01
-1.396449493804412612e+02
-7.725191029035858037e+01
-3.756513537139165919e+02
-1.656205807173697622e+02
-4.251829075472312525e+02
-5.543929221293309695e+01
-4.418494411839950686e+01
-1.156853502225853561e+02
-1.155149989944950590e+02
-1.756089058156043166e+02
-7.742996576812980436e+01
-1.409661813185678909e+02
-2.143397081323672353e+02
-2.465163439373262690e+02
-4.110180536554930768e+02
-1.839781678532185083e+02
-3.921714450878416756e+02
-1.663123628848539397e+02
-1.239534084977475175e+02
-2.942295210120466891e+02
-3.176530196189719959e+02
-1.249731762406836282e+02
-1.012046549464527914e+02
-1.958270263601972943e+02
-2.351972483660659634e+02
3.218341714191922165e+00
-1.020515990143786098e+02
-1.231039859809645094e+02
-3.032488836629556772e+02
-9.583331596908695360e+01
-1.947956204315481159e+02
-4.219660228686404935e+02
-1.834135639622392375e+02
-3.979722956347437730e+02
-7.687434116774383597e+00
-1.023591889225939582e+02
-6.494300001344862494e+01
-1.233043244634468323e+02
-7.777076588024216619e+01
6.616990570461979360e+00
-2.131139078078139732e+02
-1.518469170023431616e+02
-1.481114939926740703e+02
-1.478942103320389947e+02
1.941139303324014520e+01
-1.253999660894001238e+02
-1.581688798052095422e+02
-2.213011880234962803e+02
-6.612431183223746700e+01
-1.869580413998609458e+01
-1.179855027183007792e+02
-1.105531580109042125e+02
-1.655742578576786173e+02
-9.040910625571044079e+01
-2.230024125576462097e+02
-2.532630007805192349e+02
-1.246045378300443929e+02
-1.122370869325860383e+02
-1.835685015003744525e+02
-8.127442087469506760e+01
-9.074205253403408733e+01
-1.271791896895616816e+02
-1.011949186950630803e+02
-9.684865090154497125e+01
-1.716989374777229500e+02
-4.106953528150001631e+01
-4.668372227127542118e+01
-5.478325532068133441e+01
-9.482826597262352664e+01
-8.333392933545519554e+01
-1.068200974566742474e+02
-1.553130835907578273e+02
-8.741807139413025141e+01
-1.078128952754196632e+02
-1.523586281702261260e+02
-9.827238634758325020e+01
-9.762392175029434327e+01
-1.737303765207258266e+02
-9.274750332640579131e+01
-6.586641196948716015e+01
-8.142912794907419993e+01
-8.966736427737272663e+01
-1.773398093044890800e+01
-1.191456646648338591e+02
-4.538010055548909349e+00
-1.236639122424903690e+02
-8.417075635908248898e+01
-2.742088249035593890e+02
-3.354679879360584493e+01
-7.199369255561046543e+01
-1.438380161932531394e+02
-2.308832695077949495e+02
-7.229955028994977795e+01
-2.946067378726741026e+02
-3.851131854267913468e+01
-1.731745680308874569e+02
-1.124260906191933600e+02
-1.783705306642762878e+01
-1.541504944629235183e+02
-1.205291681936866155e+02
-1.240662141488077452e+01
-2.194386328063875453e+02
-8.615908721537761039e+01
-6.904306697703935924e+01
-2.321102621525620862e+02
-1.035909585616940234e+02
-1.189393241342194187e+02
-1.713766374808433852e+02
-3.426401317820453585e+01
-2.713475030763510176e+02
-1.963602454772768624e+00
-3.612363489431617580e+01
-5.158256476311824912e+01
-6.474623437675195703e+01
-5.424399689815520276e+01
-3.746999086753133952e+02
-8.617131505267823854e+01
-8.218804714690136848e+01
-2.586378949344290845e+01
-3.779885236532247461e+01
-6.778878944836051801e+01
2.453585701604410474e+01
-4.633780539270455989e+01
-5.031630933043872034e+01
-4.589050428928598535e+01
-1.368922083256543374e+02
1.581985897534474361e+01
-5.097586180379757081e+01
3.938518041319281338e+01
-3.920487483819871954e+01
-2.141405828663817204e+02
-2.140154359313244470e+01
-5.681088667936173664e+01
-1.719289598977599951e+02
-1.902528877839934296e+01
-6.118795843218475028e+01
-4.070442485237425956e+01
-9.192288938748878024e+01
-2.502378360754209154e+02
-4.366746647846104423e+01
4.324721618984887073e+01
-4.176674646479015962e+01
-2.183240275326227220e+00
-2.997557708284287514e+01
-2.062125072993620734e+02
3.214070804152009941e+01
2.252568293637612840e+01
-6.901205445745688394e+01
-6.552981563617821337e+01
-1.498372983562134948e+02
-5.216185320467812403e+01
2.008969831062205458e+01
-1.382831781087938907e+02
-1.953132602949742989e+02
-1.721829259187027219e+02
1.946868803218299604e+01
-6.027306919644425420e+01
-9.245113512807790812e+00
-5.816086412607148759e-01
-1.803279012158537853e+01
-1.835039817261645112e+01
-1.220165937155425695e+02
-2.536330764463315290e+01
-2.069825250076652026e+02
-1.239230118856177398e+01
-7.935909387579744134e+01
2.646382760468664230e+01
2.082626029241110643e+01
2.977972946381186148e+00
2.431129120172639091e+01
6.684809273899361415e-01
-3.073813121176826257e+00
-6.859485482507122356e+01
-2.874009931509178841e+02
5.652732477309174897e+01
-2.092125529426576236e+02
-7.770189653821937270e+01
-2.227149826401812049e+01
4.124975071179474639e+01
7.147592569164203269e+00
8.902033287770609604e+01
-1.130029173429717559e+02
-1.202610527930164963e+01
-8.913146871687565920e+01
-2.247301324133275813e+01
2.585069054968900559e+01
-1.761180619978104289e+01
1.448161334120689503e+01
-1.244669776950130711e+02
1.915018002022804922e+00
-9.352232988004291769e+01
-1.774401650907457224e+02
-9.326731926266442940e+01
-5.282527733244910451e+01
5.187296797156376726e+01
-8.616950276999811820e+01
-4.178707046677279635e+01
-7.280391781392521011e+01
-7.422626974429331881e+01
4.416721294848596813e+01
1.699880906402609071e+01
-1.208282830106215044e+02
-2.386318290186721640e+02
6.087265759153588363e+01
-3.858425233707689017e+01
6.079677538761357170e+01
-1.450625952051147465e+02
-1.005774890702136162e+02
6.195256147439059191e+01
-6.920995242054722496e+01
-1.999470805323532829e+02
6.238112347101782973e+01
-1.059607664863822123e+02
-1.498113515272246161e+02
-8.777357541600437685e+01
-8.120098517323057763e+01
-9.426553929449242730e+01
-2.169769162785055983e+01
4.112468105131748075e+01
-8.079683636475360231e+01
-3.966785327531269445e+01
2.741458603907045344e+01
-1.216347625790834570e+02
9.720088158166819881e+01
4.741548173144295930e+01
-1.310414395286028935e+02
5.396925476621862572e+01
4.545703817217422227e+01
-8.955323879947691523e+01
-8.939150382139999351e+00
5.442837234144590042e+01
7.292151226666548780e+01
-5.258009244475584865e+01
1.344630990770394163e+01
-1.761812113518591900e+02
2.649428848869902708e+00
6.913450039213817888e+01
1.423625898502434666e+02
-2.087248434319272405e+01
2.032499248257152757e+01
6.194958407184757476e+01
1.067540661625958904e+02
5.932864271281920310e+01
1.044482602344723574e+02
-3.736360631718679315e+01
6.829529523714867878e+01
2.267638149373078704e+01
5.007810990030782961e+01
-1.363924311951800519e+02
1.021558963127946100e+02
2.063314605974574647e+02
7.682756762350510371e+01
-9.886936109010648011e+01
8.463023195899052098e+01
9.963780848572342563e+01
7.227449181754990093e+01
-1.157545088807925708e+02
-1.950438754771220715e+02
8.777577827365384167e+01
2.156671801426649040e+02
6.063284879492359636e+01
5.291087275490574626e+01
9.082167174989167790e+01
1.069312875251786465e+02
9.638117688695519547e+00
6.203791726409804141e+00
1.062650657411965085e+02
9.398112265932368814e+00
1.052571602774511348e+02
8.256194982955217654e+01
9.938638025346666893e+01
2.238582988618301215e+02
8.158028150500207687e+01
9.479891496800230755e+01
8.411946918789658412e+01
9.423162566677977736e+01
4.642445187203323087e+01
7.777594025242001408e+01
-5.693791330451992394e+01
5.283918154017535329e+01
5.650484177322312007e+01
9.525010576410359420e+01
6.197452138140916844e+01
6.673367920669146258e+01
-8.407578433637164395e+00
-1.629875079200756431e+02
7.526532642182904453e+01
-1.270483080987990832e+01
8.375117450303588384e+01
3.704744811695798035e+01
7.744533670853097362e+01
6.567830788355502136e+01
9.818567744462615110e+01
6.337157044338967893e+01
1.624470357660329967e+01
5.398772965235988153e+01
3.606747629373046493e+00
5.119114577030373425e+01
-4.314174223502088523e+01
3.206397855610340741e+01
4.847580063446454801e+01
8.312279181274212192e+01
7.564438255070318462e+01
5.826354043719008047e+01
3.395658386722084288e+01
5.770202054853982787e+01
3.283274330269158980e+01
1.302029903962090884e+01
9.263599987226520227e+01
3.256294206033177829e+01
5.962236252849984908e+01
3.561922933720761364e+01
5.174215171025641524e+01
5.959726579111992351e+01
6.345003072937547728e+01
2.712649307290529777e+01
4.450415143279990104e+01
-1.624625446383963663e+02
8.102229383182293532e+01
9.119881354808927654e+01
1.078709429687630603e+02
1.059658148331428436e+02
2.294161920316933490e+01
2.584782586346394595e+01
1.072447524637137377e+02
7.524149538111019275e+00
9.735253512719880575e+01
7.060512977268324164e+01
3.583339266775189458e+01
8.292902043188308880e+01
1.043490523895902697e+02
8.444272637500625933e+01
1.615946469751354755e+02
5.044089568083037278e+01
6.717100700561600490e+01
3.183896756597634692e+01
2.493861415253205394e+01
1.050610440282664726e+01
8.804445371685304167e+01
7.065721611360766019e+01
2.445601968049196273e+01
1.029852939253997590e+02
8.719352778038619078e+01
7.617425185246551678e+01
9.379833860044141147e+01
2.989058198105069053e+01
7.417117788092440378e+01
3.503599302256670001e+01
8.969018595454771514e+01
1.629588865166615719e+01
9.480789684578908805e+01
5.080633991809941818e+01
8.432232957267889617e+01
8.456257506166244298e+01
1.377685766415352475e+01
2.035120909655769950e+01
4.434495168664767561e+01
7.382173032887682496e+01
4.802134941814212254e+01
7.585439316149611955e+01
5.681777894822120345e+01
8.813642228464357231e+01
5.482527778768169924e+01
8.370306714844998908e+01
3.915796926397069910e+01
6.928627290543806794e+01
1.235173896410574912e+01
8.397745001028032164e+01
6.061794561253992697e+01
-1.672723330699235689e+01
1.245163538248089452e+01
-8.820460416884660049e+01
6.734187419234370964e+01
5.221537204979991031e+01
3.089527601350210517e+01
1.595491624576837530e+01
5.417554242081082272e+00
2.812767555644571260e+01
5.469085181804800300e+01
2.752148901839241191e+01
5.956414984838241367e+01
8.118628981092251706e+01
2.489078186462757714e+01
5.210562103903057363e+01
4.251322497847745296e+01
1.912671236510027128e+01
3.673647517563992437e+01
1.452070168933829919e+01
7.931923781765108572e+01
5.076786187331769185e+01
3.510652550345800194e+01
2.738852810453525244e+00
-1.480531785203070605e+01
1.081703190187204484e+02
6.788574786907435055e+01
4.410312585400017582e+00
4.525411762452759490e+01
5.535478042857028669e+01
9.271324164634904719e+01
6.599016333557079506e+00
5.482993021164824654e+01
8.718022689549714244e+01
3.695560452057007694e+01
8.540985450744801710e+01
7.928156197623331991e+01
6.317024915917393457e+01
5.782569870753122387e+01
3.662652806835083652e+01
9.491524295664555666e+01
1.172665987560900902e+02
9.554720741864404943e+01
9.144272340314618930e+01
1.240592299198975894e+02
6.743951083223555543e+01
6.265063542017605158e+01
1.005210171041242546e+02
5.944095041853342565e+01
7.702467605626063119e+01
1.395368262761588483e+02
1.508780559738395652e+02
1.158635725816079685e+02
9.500847666132618485e+01
8.403044240791516017e+01
2.229645825960262755e+02
6.707300612422010033e+01
1.754628306750436764e+02
2.261679983374452263e+02
1.192330121335544391e+02
1.040472189983605489e+02
5.544180596329991317e+01
1.979931268284406087e+02
2.479136691185898087e+02
-1.282952782395108215e+01
7.823331650901496914e+01
8.944765257316392137e+01
2.327658749852944027e+02
1.557012472617458911e+02
2.592623384780212064e+02
8.866143090582875175e+01
1.005956028747967395e+02
6.039110589717962796e+01
1.318241480426973453e+02
8.950683822493309094e+01
1.311736981507271196e+02
2.426387275660882210e+02
2.524441364266996857e+02
2.323326178204017651e+02
2.344400667148152309e+02
1.351248113489372997e+02
2.573646053916015717e+02
3.266311027840037440e+01
1.288290575190636105e+02
2.617942368927832604e+02
2.426258318265824130e+02
3.577764880314183671e+01
1.220266638492485356e+02
3.605783931693818545e+01
1.173109504640802356e+02
6.095250590527657408e+01
2.941140034085348987e+01
1.399070914273623600e+02
1.717262458652735404e+02
2.121986328811573230e+02
2.545267964519339898e+02
9.798402941409831612e+01
1.261389175384326791e+02
2.097431577647864174e+02
2.819266998675643663e+02
2.625742378996922071e+02
2.472389626633264470e+02
1.105970499176621047e+01
2.803250625150967608e+02
2.523896163339323664e+02
2.714892941014316534e+02
9.455107577377076211e+01
2.316248577521739946e+02
2.660107371166993744e+02
2.508611221684109580e+02
2.649566404284037162e+02
2.416748634699453362e+02
2.853527383677829903e+02
1.896960011783866662e+02
1.497459935952778380e+02
1.310706699404892674e+02
2.159317747037841571e+02
2.432437648736983817e+02
5.502180861060480055e+01
2.789233066731910640e+02
2.841233271654155033e+02
2.450961918546313996e+02
2.665552636444280097e+02
2.708274307716420708e+02
2.234823658188188631e+02
2.188791126744494022e+02
