-3.424144739658145795e+02
-1.153686081788602849e+02
-4.305686056050789290e+01
-3.977456144640605658e+02
-1.356566945613080861e+02
-1.304025087250277579e+02
-3.489437285084406994e+02
-1.202618065489261738e+02
-3.010373874046738365e+02
-1.090724028748358734e+02
-8.656234825271656064e+01
-2.832524835282761444e+01
-1.819784574732665305e+02
-2.273160226289882644e+02
-7.748449731973616394e+01
-8.061084996356018451e+01
-2.364513835547346048e+02
-2.079537551271028519e+02
-4.263014098829125373e+02
-7.524536656036121940e+01
-1.222802973431918190e+02
-2.596259477740715056e+02
-1.178997280526509712e+02
-1.021063635162518608e+02
-2.369439375093896274e+02
-1.059974255817395914e+02
-1.199735864367198275e+02
-1.965471877690924316e+02
-1.070067606499540318e+02
-7.678560636913728388e+01
-5.776857534897636981e+01
-8.762037162451061079e+01
-2.239812517737086068e+02
-1.076543545090385692e+02
-1.105474947908266898e+02
-2.848967932043620976e+01
-2.526376358614087394e+02
-8.569106636411621025e+01
-3.739836041489085119e+02
-1.031322141322310557e+02
-1.524877985459806951e+02
-2.275049269138848729e+01
-1.860144574293068445e+02
-3.891975682391569080e+02
-8.343528289774978646e+01
-2.163476000555334622e+01
-1.757083053955982734e+02
-1.927192359210125119e+02
-3.860635906237216375e+01
-8.712833636218365996e+01
-2.553838864922544758e+02
-1.192460923157299106e+02
-1.015019854208000822e+02
-1.438154944972097553e+02
-9.470767580650196749e+01
-5.728880022878318812e+01
-1.016428416463617879e+02
-8.344875146537816590e+01
-3.590294781784328393e+01
6.039075303895913294e-02
-2.928221537362674098e-02
-4.163570144611074397e+01
-1.358193375423322493e+02
-3.329556945494510956e+01
-8.984406189446832514e+01
-2.996564537112836035e+01
-1.502511097900652999e+02
-1.187855721992642657e+02
-7.106874699354007419e+01
1.733662108116853062e+01
-4.394314206556228442e+01
-6.601647362696246546e+01
-7.956841507251819223e+01
-5.444410900022436550e+01
-6.765168487020493160e+01
-9.923665206735613253e+01
-7.158965751019238155e+01
-5.554399493713615499e+01
-7.422102451045739713e+01
-3.187091795535737049e+01
-1.084428247392395690e+02
-7.107328861264274167e+01
-1.549144979009744532e+02
-3.786621562558211451e+01
-6.751775038271952667e+01
-1.322604591123277373e+01
1.285388422163141797e+02
-9.599189137844514619e+01
-3.547540663329328936e+01
-6.461329369196388939e+01
-8.471861541693071729e+01
-6.969434446097722002e+01
-2.161495888450949678e+02
-3.821323215004416625e+02
-2.935336858746676114e+01
-4.451632141594224379e+01
3.421362500071339241e+00
-1.647180724680375477e+02
-1.634542253278965518e+02
-1.247350556020313377e+02
-6.474066237039293981e+01
-4.001423337724461504e+01
-1.406835032379625545e+02
-3.011099317154967139e+02
-3.386784349440637243e+01
2.380854960057118319e+01
-3.440042588727872612e+02
-3.184623370559974376e+01
-2.012804051216590437e+02
-2.785814394407745453e+01
-4.071510156577481609e+01
-7.777257412117526769e+01
-4.876028555443774337e+01
-3.036373214363078432e+01
-4.258198620956576264e+01
-2.965569061505964044e+01
-9.274673871785671508e+01
-1.163266001865725059e+02
-1.186853057097693380e+02
-7.106776051114010784e+01
-7.814901080575103265e+01
-5.016744326322097436e+01
-4.788116760364474089e+00
-2.633824257156920794e+02
-5.955593767608727518e+01
-3.568971628119764716e+01
-5.389501099785256599e+01
-3.399240242079609686e+01
-2.319033476407845740e+01
-1.010478774598826988e+02
-8.398078264466661835e+01
-2.096307853472925729e+02
-6.909655743504620773e+01
-4.779527436463305179e+01
-5.611033240408487899e+01
-8.802788790387472773e+01
-8.821025996065358754e+00
-8.908030063552590150e+01
5.019291721474417045e+00
-5.480488191848071011e+01
9.329887227420982754e+00
-8.144346931143530810e+01
-3.274910582053730934e+01
-3.710231643710898197e+01
-8.478177268911480269e+01
-1.086800081047254025e+02
-3.240282900416542589e+01
-5.472239351652860506e+01
7.796640877765383948e+00
-6.633919639558854442e+01
-1.985740791175152253e+01
-6.604565161881720314e+01
-2.543358510307403897e+00
-5.983007501535789174e+01
-5.065767211213419330e+01
-3.032816781969141573e+01
-3.356986643105452117e+01
3.365105878206601009e+00
3.353988493272024130e+01
1.764328673464254393e+01
-1.550358245742566510e+01
1.519070593295415676e+02
-1.910939385306808447e+01
4.929714785064296478e+01
-1.873381296880739910e+01
-1.378538041151288667e+02
-1.492981589627019900e+01
-5.806086132607788386e+01
9.366883654515784485e+01
-2.133362834886213477e+01
-7.308998674310961974e+01
-3.844439039240080547e+01
-6.839942378781047694e+01
-2.112761719794840758e+02
7.269818690281998386e+01
-1.529774986012459692e+01
-2.621671117149564623e+01
1.284596021950582667e+01
-1.822193967405559647e+02
8.361767690319219071e+01
-3.637829069890418054e+01
-6.704873595262448305e+01
-1.172670744533041898e+01
1.598195200109672598e+01
1.411000300794088957e+01
-4.072302434318499031e+00
-2.240195841883723631e+02
1.263151098126728300e+01
-5.119361476837924840e+01
-8.369480845244173395e+01
-9.334151219825176327e+01
-2.112876285577351609e+01
-9.750974354272173628e+00
-1.901702787673366117e+02
2.568895263436297682e+01
-1.413328636731880010e+02
1.074848709759723420e+01
-3.354581672314153593e+02
-4.375664821984619834e+01
-2.435829605877788708e+02
-9.033597585199596836e+01
-1.385784513047025825e+02
2.224065569238732110e+01
-5.020111974247320319e+01
-8.109460850541783827e+01
-1.461131461092931829e+02
6.394084346134297903e+01
7.438196755323167153e+00
-2.053420511118817515e+01
5.286566813578446045e-01
-1.514287634899668831e+02
-8.130583823689529765e+01
-4.673454461413078320e+01
4.421093133658303032e+00
-4.558553847343431187e+01
8.959174248094929283e+01
-3.158113144225026758e+00
4.526064553399007195e+01
4.522731041378457917e+01
-1.695590234299763566e+01
3.957091567185656800e+00
3.765464479147803445e+01
-1.271479652349045182e+02
-3.859242641916965511e+01
-9.646847230547129470e+01
1.015857878552715761e+02
-1.357198761033641006e+02
6.664092049993163869e+01
-2.329567438522180112e+01
-1.853423436617390507e+02
-3.603455107329470763e+01
-9.662052746195263353e+01
-1.556187394279680802e+01
-7.306650272228395693e+01
-5.051199973676623500e+01
-2.098049740338288700e+02
-6.614458805604974145e+01
-8.571715679650348818e+01
-2.372266327854158874e+02
-1.085725276153300101e+01
-4.542438351617441583e+01
3.867882295022221228e+01
-1.863450836958264745e+00
-1.865320899814244626e+02
2.007748798478191432e+01
8.510268858791211244e+01
7.058992748329077926e+01
3.092414477367789161e+01
5.495316063614571078e+01
-4.739945370060948626e+00
6.985427645177335876e+01
1.292983696463786103e+01
2.527034343963513052e+01
-1.302933163757876400e+01
-2.351272449344924951e+02
1.166378232450338182e+01
7.044957257981771193e+01
7.422623119753451704e+01
2.799730781387966871e+01
3.277832780842261684e+01
8.370071740424313589e+01
1.033164276515811366e+02
8.105849095071853583e+01
9.255973318893767043e+01
3.930651051978497179e+01
6.201878829425700701e+01
5.769225781996553337e+01
6.899661194559925548e+01
6.592362858033976636e+01
-1.189578566910988400e+01
2.414709265456006193e+01
-2.700946361663436335e+01
-2.622743585749828981e+02
-1.312469144337891294e+02
8.100458130755177422e+01
1.037344477428788991e+02
-2.130772440346286203e+02
1.045738856461320054e+01
9.293967793576399572e+00
-7.449410717082020028e+01
9.376653883924591071e+01
5.580498545041817238e+01
6.641327607230714136e+01
4.862785193908279524e+01
4.912400201137734967e+01
6.036129108268948329e+01
-5.390772001443294670e+01
4.937800478030728613e+01
1.290520451333399876e+02
1.104864090320945706e+02
2.835910919340314607e+01
-1.368992147143519844e+01
5.583074143752583041e+01
9.904590500257698693e+01
5.707749246453897740e+01
9.808833019562139555e+01
8.645071104002872175e+01
9.430254006453237992e+01
5.646258875913890307e+00
2.110731092134078679e+01
-7.060598508480256896e+01
3.084674351223818789e+01
6.512015114880565392e+00
2.337256008605629631e+01
7.697556940534980185e+00
-8.463048074473927329e+01
6.135023705923886439e+01
5.544750539072786921e+01
6.440262569361482292e+01
-2.360086369030252627e+02
6.414704365824239574e+01
-4.522096313308050064e+00
4.452377909521190702e+01
6.179993044513579292e+01
7.722691703490562531e+01
2.649447399592152408e+01
5.621633750448460809e+00
-2.432334948855699963e+01
7.202284693772293167e+01
-1.091681039214139872e+02
6.938585118112149530e+01
6.312409675476498450e+01
6.718829426286768047e+00
-1.866629916737626900e+02
-2.845533864722009412e+02
-4.541316651611154498e+01
1.384038627454878281e+02
6.377213468388826811e+01
-1.879671315150540067e+01
1.240472690499888273e+02
3.017608206676591465e+01
6.635665110032149983e+01
1.221372929637485072e+02
-1.727284725664273424e+01
2.738592655850147750e+01
3.005302336075792624e+01
5.650339323115173329e+01
-3.111240383971005485e+01
7.240771693437488921e+01
4.179772184574245131e+01
-9.463337479950065756e+01
5.246868191668123416e+01
2.841067744945550544e+01
-1.287910017739828277e+02
-1.301708396855296428e+02
-8.448798095383168061e+01
-1.352363284864816251e+02
6.134367892679344436e+01
6.478064570844992431e+01
-1.036994897311977581e+02
-3.698648520611186541e+01
7.539652583437730016e+01
1.151832783211640390e+02
-1.150248442039213899e+02
-6.177241118560759503e+01
-8.308238054811727125e+01
6.403418273291208607e+00
2.738529677478157964e+01
6.491334638926584688e+00
-1.052626865474532565e+02
-6.511818288068214144e+01
-1.511659966134411093e+02
-3.108603461432242909e+01
9.537853591950305088e+01
2.655356741984995494e+01
1.056021834893861922e+02
6.788247572917683215e+01
-9.588177880701675804e+01
9.149040937110591187e+01
-8.629671044932395318e+01
-8.374912329979946435e+01
5.518160060151214452e+01
-7.669082520829152827e+01
4.413892175191621448e+01
-7.271339966375457209e+01
-2.265681770580240197e+02
-8.821654126934666351e+01
8.439146140060097423e+01
-2.613445435940971606e+01
-8.940069478299250250e+01
-2.388055327987871124e+01
-2.340496445384576418e+02
4.429158379004904589e+01
-1.769330598147785736e+02
-8.669300625618890876e+01
-2.893763669246080781e+02
3.018031944848608461e+01
-6.206825322301662595e+01
1.064881455633079952e+02
-4.569378611598435214e+01
3.930782490894872439e+01
4.265754098313288267e+01
3.915348978174294814e+01
-6.057866135239095229e+01
4.525812996532431498e+01
6.627046729215985010e+01
-1.390643729287467067e+02
7.393853257232811416e+01
-1.540934099965385542e+02
-1.139519763034186894e+01
-7.526403652135371658e+01
4.753261936233455742e+01
-1.602339816076684258e+02
9.529653476668773493e-01
1.634541204626008550e+02
5.136012800210865237e+01
-4.053615196558224909e+01
-6.167839245535712678e+01
-6.581914736296134549e+01
-8.390808299334297260e+01
-1.885710763819731994e+02
-1.097911352838802230e+02
1.475958811751195583e+02
6.469481398457087096e+01
2.508995319089883580e+01
-1.227409103333725113e+02
5.085492748605206259e+01
1.941720111542343474e+01
5.423182756306623276e+01
-6.695343925168528187e+01
-3.053507684505223096e+01
-6.110909493813888105e+01
1.030664005492182440e+02
-1.073326774203287926e+01
5.576964656877601811e+01
-5.400586024969184251e+01
7.956641807093198793e+00
5.786802462095678834e+01
-1.060890684194906157e+02
9.765589017194830035e+01
1.521832923153206139e+02
-1.096237895283134378e+01
5.088750826431528651e+01
1.516626790168103582e+02
9.324572356674130447e+01
1.062591583841902860e+02
7.967892375585729781e+01
5.143217414316788449e+01
-2.069939465048829845e+02
6.222572377450743630e+01
6.714353971201961713e+01
5.872345150520234114e+01
9.778307124921005311e+01
2.348925022259400563e+01
2.260587095743738928e+01
-8.688900657999124633e+01
-3.740163358867206966e+01
-2.847962418025153042e+01
-2.782177358607294764e+02
-3.479226456166396986e+01
2.221703871080011083e+01
2.731626750874834286e+01
1.944318247375708353e+01
1.122893700577349705e+02
6.613730589465704668e+01
5.443636615295663006e+01
1.535317093827665857e+01
-1.362914327277601387e+02
5.256633340283823941e+01
-1.343989729510542759e+02
9.437453395013358204e+01
-1.178091653388921003e+02
1.753195954097182607e+02
-1.052713245451131456e+02
-1.543614321590720806e+01
2.347901884364440832e+02
2.195548565195280730e+02
1.275230419915491495e+02
1.264787734529778618e+02
-9.179204258676165296e+00
1.350735601255791778e+02
2.138077421864549024e+02
2.134020233620350382e+02
-7.776509354301929022e+01
9.448482686981678569e+01
-6.052764687057874937e+01
-1.500208317207943765e+02
2.544986215229941422e+02
2.073860818862447104e+02
1.862339576461665445e+02
1.899476276134649311e+00
2.269999737208106581e+02
-8.325793837207791626e+01
1.349588954698453165e+02
-2.191936404693590532e+02
1.081487489512402220e+02
1.215174394061647405e+02
8.180133459546669883e+01
2.504547923619371375e+01
1.598644874586195783e+02
8.613292786863947015e+01
1.627409918312105503e+02
8.845678941922614058e+01
1.371756982117167070e+02
8.103957751429383904e+01
1.569982395889808799e+02
2.289319350306973035e+02
2.344773551323625611e+02
-4.049582228876083434e+00
4.231701088261412025e+01
