-3.221194770576051951e+02
-1.698247760088345615e+02
-3.295459074183341954e+02
-3.142832649686986315e+02
-4.758432731144164336e+02
-5.936179302021583908e+02
-2.643595539228134328e+01
-2.392005112308798687e+02
-3.709210589297711635e+02
-2.792836633579819932e+02
-1.684445801319475322e+02
-3.050089140365142839e+02
-1.832074914858436046e+02
-9.244201984800183425e+01
-4.355780878918336612e+02
-2.499518362631619652e+02
-4.689960521873194352e+02
-2.096610827053255264e+02
-3.432455010333951577e+02
-3.544768779418708959e+02
-6.845156659005930067e+01
-5.449887156187681114e+01
-4.884398184688255924e+02
-3.635069206962176622e+02
-3.768186558168639522e+02
-7.955842159497574357e+02
-3.236668663695182886e+02
-1.082959074343772414e+02
-3.915342180254430673e+02
6.346036465818033889e+01
-2.692583837005577152e+02
-5.488406784282046829e+02
-1.289990037908355873e+02
-6.733559600488072192e+02
-6.143979355250329490e+02
-9.193661096572236602e+01
-4.165931003791405374e+02
-6.754078298980473960e+00
-2.169216651345589639e+02
-2.654546952046790693e+02
-7.530523700722987996e+02
-1.042647652126861715e+02
-2.039900910505711522e+02
1.364019279763672898e+01
-5.310766141826696867e+02
-1.350466750868495183e+02
-4.361014487824512571e+02
-2.487250538677028260e+02
-3.662913814321599943e+02
-2.516339341232018114e+02
-4.054742937167578134e+02
4.003785215497540406e+01
-3.749760636474759679e+01
-3.459725137933121459e+02
-3.904205863337256233e+02
-2.291839973085043880e+02
-4.871280561783196106e+01
9.043011929537013316e+01
-1.151586981511053267e+02
-8.021880760807979982e+01
-3.088024538565267108e+01
-5.169150576683093732e+02
-2.801100085393288737e+02
-1.075312486931909461e+01
1.068635953288358422e+02
-2.755545369929768640e+02
-2.541016627600530597e+00
-1.872651251054033708e+02
-9.266434628847980548e+01
1.108276351120670995e+02
2.791279214896547600e+01
6.695644361233549091e+01
-1.395953370860657117e+01
3.240859628204190557e+01
3.681585394789394172e+01
9.270166823561825709e+01
-3.267325170951651216e+02
-1.750390943074730501e+02
8.162423328881304485e+01
2.639007476940011543e+01
-2.382084700854617410e+01
6.681914350190585594e+01
1.110973106275737337e+02
6.081744468580071583e+01
-1.097661151840867433e+01
-1.238483567808480217e+02
1.411064913953168514e+02
2.175350078143413057e+01
1.492361342995329387e+01
-1.005706801583490915e+02
1.122838975228094824e+02
9.882633159860624517e+01
-1.581090869650060711e+02
7.086492555391980375e+01
9.681166941349653143e+01
1.539432241263760375e+02
1.167817278541933206e+02
6.767811305952376699e+01
-6.709605346585156838e+01
1.518531144775827499e+02
7.179436404648160419e+01
1.352490685432265138e+02
1.097851023801720203e+02
8.492496500046598840e+01
4.358631775081715176e+01
-9.751757734749851636e+01
6.664576290294780847e+01
8.134204837703235569e+01
1.947103046436000682e+02
7.609781235182468606e+01
1.403868512402210058e+02
4.580225364526106802e+01
1.487538502500773632e+02
9.903504404311155440e+01
-1.005506725701097537e+02
-1.607982963114993424e+01
-2.048591525616998581e+02
-1.322839978431956638e+02
-9.295724919760708360e+01
1.056161588234336506e+02
-6.464116264393518918e+01
-6.169028883658342011e+00
3.167410253403168952e+01
8.414301414180209804e+01
1.256640409344713873e+02
1.478249216449130756e+02
7.460385216600475644e+01
-1.202483107225510821e+02
1.532589789019986029e+02
-9.790352672047366411e+01
1.645861069828872019e+02
-5.221817941825463549e+00
-1.488682822055608312e+00
1.521520873766573914e+02
9.376353691133864743e+01
-7.679841606461130255e+01
-8.205276391765531230e+01
-2.667550748956480255e+00
1.243138609732098132e+02
1.600672674030599580e+02
1.533748341931628545e+02
1.207217304484763929e+02
9.618840972676235879e+01
1.324272532570839189e+02
9.676267006840302543e+01
1.272152615168914593e+02
1.476038733912536145e+02
-1.138912716028864622e+02
6.009199774574976516e+01
1.590345436664789531e+02
5.392854228362864433e+00
-6.303406095235913398e+01
1.139162754439305019e+02
8.621343357771172577e+01
1.122928739163663465e+02
-8.396371899565004071e+01
1.248675495026481741e+02
-2.447575958177860400e+01
7.596152941264605829e+01
8.746949257488269325e+01
7.229338266045974137e+01
1.128427096340937226e+02
1.308659941764468044e+02
1.316974238258127343e+02
1.526412873688834395e+02
1.888688372216716402e+02
-1.029083576535519597e+02
1.224923150238236502e+01
1.216358606509454034e+02
-1.002949166445959577e+02
1.218106825825009878e+02
-1.496414966965726592e+02
9.573251767520473265e+01
1.512863035908296183e+00
1.740444515641401324e+02
9.896237294619480451e+01
1.620029544306178764e+02
1.869408453282067626e+02
1.559049566278645500e+02
-1.290516139921595880e+02
1.382335521132216911e+02
1.327417594924643254e+02
1.653113313676099381e+02
1.207675871622742960e+02
-1.370574100386253917e+02
1.634252974939971637e+02
2.952310455412919055e+01
1.452066883322621607e+02
9.218422149105457208e+01
1.531142290406550615e+02
1.378254334455764081e+02
1.183023168727089143e+02
1.621580198544427560e+02
-8.447359315816080993e+01
3.232600961339633727e+01
9.938368963639047138e+01
1.568025064100831685e+02
1.609217763222503663e+02
1.370879407227693889e+02
1.185465548610359861e+02
1.539753329063707099e+02
4.536273537838658143e+01
1.537840194683390678e+02
1.484851206215088268e+02
1.646152143219714219e+02
9.161410305218839767e+01
1.359496218508895140e+02
1.498353396857864652e+02
-6.833506654067107888e+00
6.880957336520287981e+01
9.468929258123522175e+01
1.717947085243027061e+02
1.597096149078042799e+02
1.628042047627358215e+02
1.484354323040676888e+02
1.539182512387073984e+02
1.391306386131634270e+02
-1.623088686794724822e+02
-2.910314282387111007e+01
2.076211337526704312e+02
-5.068828563707239709e+01
9.367175553693527945e+00
1.362289387517866146e+02
1.369531634919467251e+02
1.435584474367057624e+02
1.545539938776828706e+02
7.482678195004453414e+00
1.385791832247004152e+02
1.334239242233471430e+02
1.642755553891262252e+02
1.866892237030857871e+02
1.864349847747701574e+02
1.755729056237064469e+02
9.259680982219613554e+01
1.406639833472137298e+02
1.654430203809351383e+02
1.197446660920385852e+01
1.709253794153813715e+02
1.487646889690422540e+02
1.428123837109619956e+02
-2.451427007206972348e+02
1.321026632850542910e+02
1.254533542955626615e+02
1.916803142338774251e+02
1.035752352051678287e+02
-1.251950877418774155e+02
1.948856507759673207e+02
1.151462567229023648e+02
1.530751042051997501e+02
1.429455402971341584e+02
1.585111813591398970e+02
1.353379377329694933e+02
1.649455276118657423e+02
1.756343915994283691e+02
1.682669072496015872e+02
1.463205747380253001e+02
1.442020128329772604e+02
1.159639071067038287e+02
1.156640170766224429e+02
1.058329896941434640e+02
1.327019298270690228e+02
1.385349037618606189e+02
2.385837880379142462e-01
2.117056504725267416e+02
1.160844901013643664e+02
1.016435333064822686e+02
1.724519421938406651e+02
1.489248365662237461e+01
1.377500395559670778e+02
1.943952517189825926e+02
1.270554794415358515e+02
1.735956506933252399e+02
1.412920993239271468e+02
2.918767112742880272e+02
1.543793474475792493e+02
1.522765595044929796e+02
1.772152131026158770e+02
1.815613340596340493e+02
1.305645202093778323e+02
1.393486042801457643e+02
1.742417158799695756e+02
1.354344085224549019e+02
1.131443695047634037e+02
3.029821692696780246e+02
1.552787928713575241e+02
1.579861981563540496e+02
1.396881171734600287e+02
8.314661289867601113e+00
1.957675330015401585e+02
1.138908904633219379e+02
2.889208711701453467e+02
1.449456788223286594e+02
1.760894900213875189e+02
1.768019686634560514e+02
1.854569715076324599e+02
-2.996236367549060731e+01
1.271582741576488900e+02
1.617452803102668781e+02
2.080767545935536305e+02
1.490009907447196724e+02
1.377538870508191167e+02
1.689344982981413068e+01
1.655392354273939475e+02
1.639159330691786067e+02
1.390631503764091406e+02
1.661821028791002561e+02
2.809241353156900232e+02
2.720049320339127235e+02
1.604542586612026582e+02
1.751043260073046781e+02
-6.776594067410115940e+00
-7.600355765204099612e+00
3.222965833215079101e+02
2.219381677213264936e+01
1.552026525939449755e+02
2.947625477855229974e+02
1.371656262787571734e+02
1.496461840869961577e+02
1.729483319542671893e+02
1.322125443652213050e+02
2.867550856635872947e+00
9.772538075843613115e-01
1.180552118312611327e+02
1.544475105610087553e+02
1.801047541117615367e+02
1.361326138245564437e+02
1.672157149426035403e+02
1.377674768465782620e+02
1.631494790443242948e+02
3.018845837747605856e+02
6.117877755055840794e+01
2.736595678859182499e+02
7.019197941866204360e+01
9.690334859024910941e+01
8.896501037605830220e+00
1.414044121819903808e+02
1.320326379334762805e+02
2.093017888938458384e+02
5.664145326020027937e+01
2.432003093200400770e+02
1.805400166732307810e+02
2.426430679456861128e+01
1.927941088408232417e+00
-8.071779110592299844e+01
1.551697144513736077e+02
1.772732296553719777e+02
1.523645908642484983e+02
1.360523662771802265e+02
2.420955411465643010e+02
4.292707134894470755e+00
1.234509872952873195e+02
1.556480051883270619e+02
1.793215938896966009e+02
1.364593779761262624e+02
1.538824041621783749e+02
1.382154151587225783e+02
-1.122918876496238738e+01
1.566686886429247636e+02
2.783135617498084002e+02
1.560450253330071746e+02
1.741769413677507146e+02
2.456466738075145315e+02
3.262444102281321534e+01
1.541049048746953645e+02
5.079856609478787277e+01
1.316197404379408340e+02
1.481046925339964844e+02
1.780739298791541501e+02
2.736126406636116144e+02
1.552210661169900447e+02
1.171554587729927306e+02
1.675792028479884266e+02
2.026811183316642655e+02
2.570000408914764307e+02
1.693348207579921336e+02
1.834291494982967095e+02
1.706991990944742383e+02
1.834800179124904673e+02
1.723848403006089995e+02
1.325559051268410542e+02
2.769065158552418779e+02
1.146140255397065602e+02
1.614490214154817238e+02
3.083114690280558534e+01
1.343976880712882576e+02
2.606401488818321468e+02
1.684228453994005577e+02
1.500398333188601896e+02
1.597611356908512619e+02
2.746950072502236253e+02
1.177154164425916889e+02
9.452798752228616763e+01
1.528853883264371234e+02
2.592959986727272508e+02
1.383488668260444285e+02
-1.572874662619354069e+01
7.741013167043787746e+01
2.867831671982453372e+02
1.315424242553371812e+02
8.084329890022368659e+01
1.983944178112007819e+02
1.334927296551396694e+02
8.819139670355214378e+01
1.360315920612646039e+02
2.334968655486824787e+02
8.729859327420699344e+01
1.322569071490753743e+02
2.431447747597427451e+02
3.112270854687136534e+02
1.418708330506561026e+02
1.731676173556800791e+02
2.767194876720589036e+02
1.444792531084393659e+02
2.970892877651562003e+02
1.077699530630837756e+02
1.508372329342534215e+02
9.088170869271266383e+01
2.502965750586179752e+02
1.502701245941935895e+02
2.677477557930710645e+02
2.558038114153532092e+02
1.552566383137140065e+02
9.215188295972092192e+01
2.670930497295161103e+02
8.781828598674992747e+01
1.197997753427493706e+01
5.801225318535979625e+01
8.764249428010545273e+01
2.518981855457862764e+02
1.469209683018723354e+02
7.853697119925676873e+01
6.994423868515009701e+01
1.974387853425986634e+02
-1.434935717837070115e+02
1.969871960502888726e+02
1.685529596616657955e+02
1.153315948223991967e+02
2.645555942309285911e+02
1.032338597346069662e+02
9.481042215859754663e+01
2.636163450598992313e+02
1.508891254159146911e+02
1.742448179367639796e+02
1.449121232749494368e+02
2.708678594473192334e+02
9.130464465978747057e+00
1.103593238825440181e+02
2.918664051060525253e+02
2.467427168607858903e+02
1.750920084779668287e+02
2.787522493501629697e+02
2.674667478912971319e+02
5.517540459918518536e+01
2.566306140411376191e+02
1.279983632819610335e+02
1.136874332443154714e+02
1.056433938916240010e+02
1.536196442691267805e+02
9.702504622389676570e+01
2.821468013500210077e+02
1.229905961230823976e+02
1.257121337632592457e+02
2.443318670295983281e+02
2.659555732593607900e+02
7.742089241915614650e+01
2.800010609904384751e+02
2.630105572931209963e+02
1.384538674720928668e+02
2.551062695867321679e+02
9.210641186364976818e+01
2.874008686659548744e+02
8.891112490131304469e+01
1.179875091562571470e+02
2.533617930915493162e+02
8.845330769138001870e+01
2.444402896046701699e+02
1.701849671457067075e+02
2.866183296416728581e+02
2.889887626527140583e+02
1.351989148708353241e+02
2.595363199688270015e+02
1.788146115130593898e+02
1.370753902415484049e+02
1.852134334024043483e+01
1.092376988304637280e+02
2.648625313893810471e+02
2.487238821431216422e+02
3.178149291728250887e+02
-1.255149772451658521e+02
2.786471100582372173e+02
6.478783162949599728e+01
7.902470044627813195e+01
2.759215637460915787e+02
1.102219993921918473e+02
2.497298754831510621e+02
3.041818615204073808e+02
2.530579999189518787e+02
-1.427436919562830724e+02
1.341108186803720344e+02
7.668875787079444706e+01
