-4.771001116850247854e+02
-7.824546330029610886e+01
-3.655139723474296147e+02
-3.661885376533745671e+02
-3.374586272471564712e+02
-2.694360266898488021e+02
-3.329956990244960480e+02
-3.114602133739746250e+02
-1.633767486161693512e+02
-2.790984868236689636e+02
-9.162548575844040499e+01
-3.914411718337962043e+02
-4.722615042743897789e+02
-2.601471731022762697e+02
-4.178396267289886623e+02
-4.761425803512831862e+02
-5.171751042481855620e+01
-5.312969933348986160e+02
-2.423849741129451161e+02
-1.610167860484790197e+02
-7.168996997796962489e+01
-3.123460389495120353e+02
-5.431067056662410550e+02
-1.751470086836249607e+02
-1.084520639590302409e+02
-2.196207066282493940e+02
-6.155476951958013387e+02
-4.637533891435109581e+02
-1.108491518166812284e+01
-4.385511833327158797e+02
-3.572233701649192312e+02
-5.185398847765445680e+02
-4.770312334500137013e+02
-2.277364163082258415e+02
-2.009372435666654155e+02
-4.459834424334555365e+02
-1.719171504551282226e+02
-1.012691787906057783e+02
-2.876723560229124814e+02
-2.252291212292094542e+02
-2.304705958359144518e+02
-3.623749692424892288e+01
3.736692241285197724e-01
-3.814256065483175462e+01
-3.701979805873312444e+02
-3.115771886073140422e+02
-3.956935136287720525e+02
-2.429927572323404945e+02
-3.918346174516263858e+01
-4.524596294735612219e+02
-1.783489999228300462e+02
1.048999140511795076e+02
-4.349398675525444560e+02
-5.383230464155914774e+01
-6.525167753010492788e+01
-3.556801380628127163e+02
-6.455064620635411643e+01
2.493530763600617206e+00
4.887976463175937170e+01
-1.215392883052268331e+02
-6.085665182962790709e+01
-8.790829720031149463e+01
-3.317017985547138892e+02
-3.944690821391851614e+02
-8.473001359916878528e+01
7.531935300802597055e+01
1.392268554422307325e+01
-2.915885623072658746e+02
6.781674861784676978e+01
5.751358309603233465e+01
1.243215016635503076e+02
-3.657157063988557866e+01
-1.803651084868291434e+02
1.242947785021219715e+02
5.389533914396115222e+01
1.669113363547752726e+01
4.470077838169699902e+01
7.416999067212641705e+01
-8.916291257261110559e+01
1.340093021548058516e+02
1.160471868887079410e+02
3.533145984748555435e+01
7.931574083893244165e+01
6.231317314182748390e+01
6.243307363410677624e+01
9.411239296381705799e+01
7.782212471288947597e+01
4.148092411804953628e+01
8.780715234427786697e+01
6.076907451136368365e+01
1.405006623304591358e+02
6.252063579313193742e+01
1.328200325343731549e+02
1.222842376883067175e+02
8.877232059264505892e+01
2.949552409690561205e+01
1.098071259289795734e+02
1.034950634109135166e+02
1.015022518001547667e+02
1.338091852151141268e+02
1.202094236504768787e+02
5.366907071719709421e+01
7.615421090574569973e+01
5.329590005377011153e+01
3.636956699892983380e+01
5.902253086163698015e+01
8.669919122074816187e+01
9.466440051864549332e+01
9.246492529078818734e+01
8.695821001894938718e+01
1.401079426250208542e+02
9.582731011805051935e+00
1.035242007363510339e+02
9.092254357974553614e+01
2.920654259891325921e+01
8.168600627445354689e+01
-7.575142970105210338e+01
7.190499788621438881e+01
-1.143731151669535961e+01
4.595732050965445126e+01
3.757367976570140655e+01
2.934687556152678667e+01
-4.347706687326007824e+01
-1.127689432221560253e+02
3.882653535862137062e+01
7.392863843396358448e+01
8.675906697038016091e+01
6.935647264916077859e+01
4.755115219133384130e+01
-1.226365348273744758e+02
8.788569606455709504e+01
8.719404734244483279e+01
-9.480411214025764366e+01
-1.636902078207613727e+02
9.150001054599613326e+01
6.573446120171034579e+01
-1.214317527891859640e+02
-1.139046534754496349e+02
-2.234938784877239186e+02
-1.408408648592005648e+02
8.483458218326845213e+01
9.792024307892372548e+00
5.049121436562580811e+01
2.021849718485303526e+01
1.002254671823721708e+02
-1.971014060542811990e+02
3.502454726770707794e+01
8.574694108028231199e+01
-1.207560961142706759e+02
-1.385883234055739024e+02
8.020699637590379893e+01
2.620908679655349971e+01
1.239781558489201529e+02
8.020535185755505836e+01
1.501879539353324446e+02
-1.925967211985039285e+00
-1.155343169760293307e+02
5.451906722932180571e+01
1.609371439287186547e+02
1.676395515895455617e+02
8.663985948320252817e+01
7.679842354655700376e+01
2.401951803026943111e+01
4.697510212694916198e+00
6.950036949726262492e+01
1.822886625741966213e+02
7.798644531934486679e+01
1.754190645156965900e+02
-1.227315887072087293e+02
1.282937434818624070e+02
3.624943678137596947e+01
7.201972445653602506e+01
1.175631167953214202e+02
-5.267954740656861645e+01
-1.123913793442252569e+02
-8.396800205382412230e+01
5.257237287615048160e+01
2.580456376660147839e+02
9.994172058029947436e+01
1.540843998651055813e+02
1.060527057669056035e+02
-8.418530071991082764e+01
5.248440386928800194e+01
-1.065944733812416700e+02
1.164558311330704186e+02
1.519613389100611300e+02
1.150865004859632279e+02
1.268962205079520800e+02
-1.515006468456830930e+02
1.459845874142642970e+02
9.487898771938291986e+01
1.169478406403898560e+02
7.297779742448418006e+01
1.111503077489427085e+02
9.559267488666129964e+01
7.724876397055808752e+01
9.504760603095900251e+01
1.813424176195163682e+02
1.412219462724725076e+02
1.372383827533567455e+02
1.818536080696837303e+02
1.469491543272589240e+02
1.644996940923071236e+02
1.491515072569731331e+02
-1.704664753184993629e+02
8.625632280382387762e+01
7.757837683056045819e+01
-1.196442788673302289e+02
1.239220288180130751e+02
1.218348058334005302e+01
1.457019893773087347e+02
1.340366831512870363e+02
1.212424070151050302e+02
1.901701845277018492e+02
1.307068606216899127e+02
7.152954009953242931e-01
1.847561395204560881e+02
1.298193524571973967e+02
1.775381463788468466e+02
1.652786204443370650e+02
1.646639610598065815e+02
7.198828817693762971e+01
4.103433452616991417e+01
4.100263458308157283e+01
1.204590760945202135e+02
2.077914212632509532e+02
2.937625370216807141e+01
1.502357702860169866e+02
-1.030712615527397986e+02
1.041817144936387791e+02
1.847756518516808342e+02
1.065465640721817095e+02
9.780080425867603822e+01
8.671989251304815127e+01
-1.300030420239554019e+02
1.593954076673231839e+02
1.131474409243677428e+02
1.757398063283214356e+02
9.311598876973526728e+01
1.261348861033764166e+02
1.417559203767630436e+02
1.175305776352599594e+02
1.895063686632801421e+02
1.759346263591286004e+02
1.754831899379344122e+02
1.215156252990186516e+02
-2.372864003904614663e+02
-1.976813304794708870e+01
9.627568510407698454e+01
-2.204905230022090734e+01
1.578658051626791519e+02
1.406181799529978775e+02
9.978040276833129951e+01
1.476244822736724132e+02
1.340437842458737521e+02
1.843017892076408941e+02
1.658718190834483721e+02
9.168941966630698914e+01
1.656349626878327967e+02
1.365884933001076718e+02
1.502031654339783984e+02
2.036877360555569396e+02
1.315239765189580794e+02
1.516893803790079573e+02
1.521838127296051084e+02
1.116253095030567835e+02
1.060415767853336746e+02
1.456265782579406221e+02
1.332406253212010654e+02
1.634274070637378884e+02
1.070240015316255153e+02
1.839605123397724356e+02
1.959342051708961776e+02
1.151828716037683193e+02
1.168319799908090317e+02
1.651923952633779322e+02
1.182426183014471519e+02
1.672149577736237802e+02
1.311928083160726146e+02
1.653568797999788842e+02
1.637314519117189775e+02
1.953404357119680981e+02
1.715075731224628726e+02
1.443800657749244465e+02
1.616409434834403100e+02
1.200936942427381950e+02
1.730539494970541625e+02
1.560030275829121820e+02
1.510133468347589769e+02
1.927357241812806592e+02
1.210691971913497866e+02
2.879782382419109581e+02
1.108933180309616944e+02
1.788517645748339930e+02
1.838404467310645600e+02
1.204398636608618318e+02
1.187870780166375653e+02
1.701378452213458559e+02
2.430292127952202748e+02
1.752511779582040106e+02
1.556395836282834182e+02
1.853629868766352899e+02
1.606330752763864496e+02
2.803351371778563816e+02
2.389690389492972145e+01
1.874899183566780323e+02
1.235901585179522328e+02
1.290116658590715701e+02
2.378666346845775763e+02
9.707598351827635952e+01
1.189814262560470155e+02
1.755568736389142259e+02
9.473621167036175450e+01
1.803152480651723124e+02
7.122287087124752247e+01
8.827704949665573508e+01
6.836627860407720902e+01
1.457243568646754568e+02
2.281050607827618251e+02
1.646207140832805180e+02
7.005216152497442295e+01
1.220011503973842935e+02
1.239316663569721300e+02
1.394641880943008232e+02
9.800683737224669301e+01
1.899334199514677550e+02
1.409163171451805283e+02
1.172363555693991515e+02
2.502262815859594980e+02
1.147364439060711305e+02
1.226559494439726024e+02
1.159165427755106776e+02
1.211710154751284421e+02
1.580062453196898105e+02
1.702608631295019279e+02
3.756835026962548341e+01
1.533533094206518683e+02
1.593230971878391244e+02
1.376914773783323653e+02
1.777096432259207575e+02
1.257915967882779711e+02
1.451859626834957737e+02
1.773702750496857732e+02
1.455419179463311821e+02
1.317594705096157384e+02
1.169665501254953313e+02
2.361773213010783081e+02
1.515190603187522811e+02
8.550351431355962006e+01
4.855709932309125065e+00
9.639731795898745759e+01
2.853769652789405882e+02
5.450079172575217967e+01
2.380556402313374349e+02
8.258708002808106130e-01
1.693865374740611003e+02
2.296043463643538303e+02
9.565546405705117650e+01
2.016000898030441704e+02
1.171774916370136026e+02
9.610249657539907275e+01
1.307401097833320307e+02
2.606844473043337302e+02
2.645180173856645069e+02
1.965304255280156838e+02
7.371087051503138809e+00
1.621923710546358564e+02
9.982817173159212132e+01
1.449733760785646552e+02
1.890340222748332906e+02
1.787220984248014588e+02
1.718768802698899094e+02
1.152716293932782321e+02
1.404666446741496770e+02
1.532640325935946919e+02
1.797513442871891982e+02
2.825991032315469056e+02
7.848182080526180471e+01
1.307834601227268081e+02
1.301766715776562364e+02
1.746148415961419857e+02
1.507513096415638074e+02
1.335204190200149696e+02
2.340495697951679972e+02
7.984684378590308995e+01
2.868348457843885626e+02
1.707722760796307000e+02
2.847689913857042256e+02
1.815862634147406141e+02
2.879791834883050115e+02
1.153823077615571577e+02
1.515046403434446063e+02
8.135749529130237079e+01
1.493864339922392617e+02
1.970854269678766002e+01
1.064002689373251087e+02
5.873425915128203201e+01
1.412723094686158731e+02
4.303720129186848453e+01
2.530698486722147322e+01
2.833867104034360977e+02
2.017850098995579344e+02
9.145699003042280140e+01
1.148052274676928732e+02
1.512184751686885420e+02
8.634112550349279047e+01
7.955433559314342062e+01
1.311608581252736485e+02
7.882419358810679455e+01
2.563652128332984148e+02
9.405301008967303744e+01
5.713156888264308009e+01
2.738674078519313753e+02
1.302970558061541055e+02
1.410725223041924892e+02
1.275951379287893985e+02
2.440270774119619830e+02
-1.016648375402841964e+01
2.250724277961342921e+02
2.396864046241946085e+02
7.210199028680096944e+01
8.689811860523462883e+01
2.571696370511496639e+02
9.571675267350931904e+01
1.427310151756592518e+02
1.330268939211908901e+02
1.111894790475295309e+02
1.802766787264494042e+02
2.145997591304022762e+02
1.516538569329163693e+02
2.254413999314969885e+01
1.069615042541301762e+02
1.390283724248145347e+02
2.471410924324557357e+02
1.347746631189697553e+02
6.598047164150338517e+01
1.070909469911290586e+02
3.677417571008737696e+01
7.673944056279430015e+01
2.451245466923856782e+02
1.548235444339341882e+01
2.176589017353389863e+02
2.942704769202269972e+02
1.158481241631621970e+02
2.331514647401225488e+02
1.670935777888957432e+02
2.665241892574363192e+01
2.543284198795421105e+02
2.465561395375629274e+02
9.935832819389396775e+01
2.566746376092005448e+02
2.424121649690994218e+02
2.615748830850245668e+02
9.116241911001264953e+01
1.269881512795853524e+02
2.470556543912784093e+02
1.153284655027971723e+02
1.148981086307988875e+02
2.422086721098346516e+02
2.809966363666628695e+02
2.296500474573693964e+02
1.257666553379284835e+02
2.484991728397159250e+02
1.416928979320542794e+02
2.728203842221870445e+02
1.397889649008639310e+02
2.300064050990663418e+02
1.666398872414218886e+02
2.790578617321893375e+02
3.120002649246434885e+02
2.606012749676010003e+02
1.013709417954432439e+02
2.541226857941198034e+02
1.269893465061858961e+02
9.206728156699284682e+00
9.491673543034148963e+01
2.523372577237882979e+02
2.747614388593793819e+02
2.525944394329120826e+02
-2.394073928310785959e+01
7.785435835973756014e+01
9.884099258418247302e+01
1.076099420004965452e+02
2.804442022180554659e+02
7.370843725637303123e+01
1.171525641406056621e+02
2.780426599072075078e+02
2.798121412485904784e+02
2.070082160148911612e+02
2.555687416384666335e+02
2.619602779010301674e+02
1.548827757420230853e+02
1.497277703187928637e+02
1.067409735674479379e+02
1.155708757582788593e+02
1.136423523922842378e+02
1.243234193117308450e+02
1.080075119083034849e+02
2.351749068170651071e+02
2.606132955842023193e+02
