-4.477814873220455070e+02
-1.861960878830766148e+02
-3.317153798179584214e+02
-8.178908485296544768e+02
-6.670892850433921240e+02
-4.867158132880675794e+02
-3.346395233071820030e+01
-4.627039146810212742e+02
-2.760266182462037250e+02
-3.444012468990293883e+02
-4.373074610379888441e+02
-1.912007915728162857e+02
-6.382769723254497194e+02
-3.791286562147352015e+02
-2.469216829856245567e+02
-3.342698231147251136e+02
-1.907246357738883944e+02
-5.346167857882985572e+02
-3.028862171087505430e+02
-7.442156142628958548e+01
-1.651040917785455520e+01
-2.114174350404691154e+02
-8.288416357378007433e+02
-4.772102972452656786e+02
-1.495756616013353266e+02
1.188984804606968737e+01
-3.447837429648339480e+02
-1.847257875958916600e+02
-4.414268122022101579e+02
-2.662377925500881020e+02
-2.900778157089198430e+02
-2.702755330675897767e+02
-3.491860141796780113e+02
-4.782736384604886837e+01
-2.921159325701862031e+02
-4.955224886445521975e+02
-3.171844745056743591e+02
-2.987797569780065601e+02
-2.398355146604729384e+02
-5.885455207314174686e+02
-4.023209685331878660e+01
-2.017259656187696066e+02
2.804618303031749704e+01
-2.066374165398680987e+02
-5.704633320427119259e+01
-2.170752253356087920e+02
-6.989926088058098230e+00
-3.252578679263015147e+02
-4.838521994589702047e+01
1.140692638054472781e+02
-1.230403415970859982e+02
-4.847381058018670785e+01
-1.214340092863936036e+02
-2.217606861783421834e+01
-4.157571891618903237e+02
1.039908417491586761e+02
-7.075878696085325714e+01
-1.889225715578871529e+02
2.702577258768036117e+01
3.793595645911558734e+01
6.186008653045200845e+01
-8.576658962465667457e+01
1.106731095204156361e+02
4.436488867007962256e+01
-1.404472305939374337e+02
-3.217178495199094641e+02
-9.348128686848272650e+01
-1.848141679606208072e+02
-2.495271742658403014e+00
6.474138607925023337e+01
-2.140782247582529578e+02
1.054331953938789894e+02
1.073162492901999485e+02
9.711929992715761273e+01
-4.736530095193624845e+01
5.286467719525097664e+01
7.569180640444461972e+01
5.417635964316461639e+01
1.120810353536875112e+02
1.148524374984769736e+01
5.550339271783820294e+01
6.984075007232470966e+01
8.047957847903455786e+01
3.283669336656124216e+01
6.310490448000585673e+01
8.549868646562578078e+01
1.248563134220605804e+02
1.478153465480869215e+02
-6.559263697651564939e+01
8.209290731917757000e+01
9.525320407365686037e+01
5.811665749503701761e+01
8.345248658204384640e+01
7.949937942824075776e+01
1.210561377392955649e+02
1.540574540090326536e+02
1.177144534319748885e+02
1.315075667481682444e+02
1.023740630097238267e+02
1.776028273061488392e+02
2.362017821798329464e+01
6.529080331028708883e+01
4.383675982035646257e+01
5.788621253288624757e+00
-3.060071627827031193e+01
-3.289379300908564119e+01
1.139427985393726175e+02
7.653487169068844764e+01
1.267378440375547939e+02
1.268871925485663041e+02
1.758342085727054780e+02
1.115692511821485056e+01
1.329663277532332017e+02
9.109190829753264040e+01
5.304574545041451472e+01
8.841112029474825817e+01
1.268870033470928149e+02
-1.389410650973215411e+01
-1.029988608438325315e+02
-3.268981961371255238e+02
-1.713811708839083394e+02
7.320791463300388102e+01
1.345502309051968552e+02
9.817993143008992263e+01
1.027134364297839824e+02
9.352512817504636189e+01
1.115817744935670248e+02
7.227526760921610105e+01
4.625832079589106627e+01
7.414048295973084635e+01
8.983525687018384076e+01
1.584892327683007238e+02
1.127196290953759217e+02
1.569444483271436468e+02
1.176099728727892426e+02
9.218106962544823091e-01
7.934305101080440181e+00
1.336776717712327525e+02
1.080401271732824853e+02
3.589816749079102465e+01
1.224295909172206223e+02
1.137844003464498428e+02
1.805991470934591803e+01
9.339212121292078450e+01
1.803598943565413322e+02
1.589062506031752378e+02
1.445999619565020566e+02
-8.337008741160994418e+01
1.084214226363240243e+02
1.229899007377944002e+02
1.848832970880894493e+02
1.399025882224717350e+02
1.612439240038539978e+01
-3.380805806974360905e+01
1.586777809259099570e+01
2.341724261931406659e+01
1.306875898062789361e+02
1.637523061955852768e+02
1.038551160120209573e+02
7.903958839048401330e+01
1.266131799927244401e+02
1.851477855337168990e+02
1.315229647922762126e+02
1.713205645437274711e+02
1.480890133840328247e+02
1.767900408898170781e+02
1.712280215536735852e+02
8.796746861222020186e+01
1.548567181110183242e+02
1.083424255663681208e+02
1.529970410890113612e+02
1.079952673473396914e+02
8.045816745420404459e+01
4.500247959736414316e+01
1.644764013983918858e+02
1.210137081413244431e+02
1.043419231149133282e+02
1.509255357095883987e+01
1.673187014802152817e+02
1.728162266054469853e+02
1.047118360387171663e+02
9.059106624136857988e+01
5.146709102421101534e+01
1.336146471252000083e+02
1.551873253196989708e+02
9.215983391178316708e+01
1.115275856967031416e+02
1.331865847429635323e+02
1.868199216512433907e+02
1.537037171535016000e+02
1.508360545206539314e+02
1.492539814136443965e+02
1.126342064793305440e+02
1.743432864953536523e+02
1.752398721280229381e+02
1.262234805205383594e+02
1.162559768481144431e+02
1.888615204769121760e+02
1.688677684905894694e+02
2.124817469378683654e+02
1.628644680141271408e+02
1.548678323862737614e+02
1.351578481154919302e+02
1.131956198717810480e+02
1.703243451813110596e+02
1.633131600526391480e+02
-2.371567296673160570e+02
1.336155496256982644e+02
1.918593220804984298e+02
1.444336870387296585e+02
1.658003792989767931e+02
1.220707095766529591e+02
1.696252041192310287e+02
1.753742225880070862e+02
1.227413449169853976e+02
1.880736906982896528e+02
1.903004472983769801e+02
1.716797942416437195e+02
1.618901222384089635e+02
1.804489795415234994e+02
1.190155467180008202e+02
1.492754651925467044e+02
1.395702484659164782e+02
1.882907741082562723e+02
1.935594867565186803e+02
1.448455011549328901e+02
1.375952627026362904e+02
1.659272155982222898e+02
1.457508115575660383e+02
1.397436475980250350e+02
1.911141568632260146e+02
1.732404423156481812e+02
1.550399378888290016e+02
1.610763664737169734e+02
9.840621251448679629e+01
1.579828621284009955e+02
1.097775129905814566e+02
1.734566371370308673e+02
1.230303075248226321e+02
3.886731924403136418e+00
1.630040303401983408e+02
1.591712110176620740e+02
1.750245113817018421e+02
1.270667294751224858e+02
9.535240737172333070e+01
4.655834180471528327e+01
1.373297463405828864e+02
1.415242451057431765e+02
1.866631651954494373e+02
1.023272178882615719e+02
8.592699137808718035e+01
1.621809414568257068e+02
1.627393351715456618e+02
1.137068998950501282e+02
1.226587179538373107e+02
1.861991259556685065e+02
1.522483637134382377e+02
1.535788950800312875e+02
-2.983566665720151434e+01
1.547000528948495344e+02
1.476683455442408786e+02
1.333838967932827586e+02
1.184092748292491137e+02
1.288878644904380053e+02
1.313548315007286647e+02
1.407191416165906048e+02
2.733414023630170391e+02
1.735787292531198887e+02
1.581061827724870454e+02
-1.559873470517601390e+00
1.602261692023468242e+02
1.696768449304667570e+02
1.304409976709321484e+02
1.003561778843868098e+02
1.439963427900211741e+02
1.490281049963711553e+02
1.249557300587502482e+02
1.349825662017207435e+02
1.795513828331505408e+02
1.231542542424082427e+02
1.493297939683008053e+02
1.409241626871447011e+02
1.446432575894791341e+02
8.680670240918533409e+01
1.889982301039365780e+02
9.669419582312308137e+01
1.676554705155210456e+02
1.319414068355722520e+02
-4.641020256684828382e+01
1.772062545426691145e+02
1.294746902597245821e+02
1.361240858488586127e+02
2.661356925467055135e+02
1.045041963057226013e+02
1.800150472904958292e+02
2.774324519944184431e+02
1.125885150787857185e+02
1.365838059354520055e+02
1.644359470093924926e+02
1.308016473940211881e+02
1.403831110691933759e+01
1.709919842009605020e+02
1.681946881167804122e+02
-1.097567113160488361e+01
1.714343459027948313e+02
1.527251871555187677e+02
1.293896552685159520e+02
1.634159669769884147e+02
-1.381389150705682312e+01
1.366288868932194873e+02
3.774448301721781718e+01
1.770323978391306241e+02
-1.077778718045688322e+01
1.523623543028691074e+02
-1.151892664823781303e+02
9.183195800899821393e+01
2.937773867210228218e+02
1.867862223815918412e+02
2.741495371900637110e+02
6.355550902095497179e+01
1.241888757154368932e+02
1.806166367260954360e+02
1.269293979025332391e+02
1.848951115443826723e+02
1.263519781155361557e+02
7.962972616806173676e+01
8.389022711815167099e+01
2.050415076414701900e+02
2.066948631313062492e+02
8.053023521033250631e+01
2.672172039871279026e+01
1.664542002512338286e+02
1.296729528459619587e+02
9.099258579332263253e+01
-2.116088292723902669e+02
2.103177100331297993e+02
1.491999695785057440e+02
1.171914480769732592e+02
2.137844512385062501e+02
1.907704399233332992e+02
1.760534848997721724e+02
1.279445397456575364e+02
1.345341611153908730e+02
2.785230744049032410e+02
1.417614989427569867e+02
1.705631280849642621e+02
1.310986125315763218e+01
1.412415184194154563e+02
1.575623536751099323e+02
2.656624491380338782e+02
2.706921462700267966e+02
1.926140528065218689e+02
1.537615251602967135e+02
1.055034633846675547e+02
-9.401739971471862134e+01
1.185714563550034484e+01
1.443333739382636054e+02
-1.107486911379972980e+02
-1.214227794140264791e+02
1.571499005851015625e+02
1.574024242775998914e+02
1.294474587291355476e+02
1.477014368889837499e+02
-2.983512052211881382e+01
1.334634643174162818e+02
2.164167860980285241e+02
1.514595841859098186e+02
1.464117526008085974e+02
1.209988952347756310e+02
3.180812794768868343e+02
1.040371288671184971e+02
2.929006297486784547e+02
1.212403741034165421e+02
1.482379818683309622e+02
2.819484763870117376e+02
1.934833559849818698e+02
1.657756089749031219e+02
1.818524072495078201e+02
2.627797663773644103e+02
2.560091072834275678e+02
2.505268288359523012e+02
1.611261949797248576e+02
2.065961685537467076e+02
-2.485415043185339812e+01
1.536565357724803960e+02
4.029742587802130060e+01
1.822097803225587711e+02
2.918280279116020210e+02
1.076795541808140371e+02
2.579004159189005350e+02
2.846566820417350527e+02
2.482761287893303859e+02
2.640920628442530074e+02
2.629077688265002735e+02
2.667822232087279986e+02
1.383070167011814533e+02
2.654762771108939887e+02
2.870361880677505155e+02
1.656152004125212613e+02
-2.032078011387260119e+01
2.797545456326966473e+02
-1.573029356956981815e+02
2.614912303120246406e+02
2.956056369222983449e+02
1.313816242978939215e+02
2.505686530807454346e+02
-3.934625548587415267e+01
3.075122856035535506e+02
2.793326761073347484e+02
2.385015747746720081e+02
2.560563953008279441e+02
1.489655887215021721e+02
1.816723454220340841e+02
2.554456196204649530e+02
1.814605640323588602e+02
1.487767005667851379e+02
1.553135573148396702e+02
2.902643853932257798e+02
3.187714904749673792e+02
3.042426709414500579e+02
1.723352540161840523e+02
2.660151591248781529e+02
2.973077685825487038e+02
1.585784322158567363e+02
2.838855834989339542e+02
1.445803148821581772e+02
2.788852837712046266e+02
3.001412674732682717e+02
3.001195252049220130e+02
3.204055402847635605e+02
2.875068362715412604e+02
1.520150103024461146e+02
1.614413683929237493e+02
2.792989662982993195e+02
2.813256024360990750e+02
2.554258823995733110e+02
3.038381755341995358e+02
2.992037272572314350e+02
1.765240611529069952e+02
2.872356635017389408e+02
2.010985736821674834e+02
2.887796948853003869e+02
2.863757532599750562e+02
1.661390621424868357e+02
1.515543997651987809e+02
4.021022548906017846e+00
4.576483837671005972e+01
-2.175386365024294832e+00
2.752488104069908559e+02
1.342181356917623987e+02
1.515253969839889692e+02
2.492516711759107579e+02
2.452936448531600604e+02
2.752155340820576157e+02
2.617224175370315606e+02
3.136443598986849111e+02
2.746864253690370106e+02
3.251677343283071195e+02
2.859622423277242547e+02
2.924010160651437786e+02
2.816175347662383501e+02
3.014082796687948758e+02
2.925335861792542573e+02
2.473871196506617309e+02
1.959222388649350250e+02
2.587607981598977176e+02
2.619080684112190625e+02
3.106307786980054289e+02
3.017790731015772394e+02
3.036859425657366955e+02
3.079408387662788300e+02
2.832053525685462319e+02
1.487421787001934206e+02
2.809548123852210324e+02
2.458124586762014587e+02
2.690018825683050636e+02
1.422326847910324261e+02
1.496911950387799948e+02
2.541662614290810041e+02
2.952102930517565369e+02
3.016544481717349413e+02
2.773710311469687895e+02
2.874685584765677504e+02
1.538881574139574013e+02
1.610225477525192446e+02
1.375296642173771033e+02
2.106421061466515425e+02
2.738630523693130954e+02
1.426097867282865082e+02
2.938225071185499360e+02
3.254080962824489234e+02
-9.099046038055018926e+01
2.610231293291063821e+02
1.478587741203775749e+02
1.269840611725678343e+02
2.518129495712637720e+02
5.014842455842077129e+01
2.551673670336984401e+01
1.327515437322043397e+02
2.792781240907842175e+02
