-4.085909059173433207e+02
-2.797301485935768142e+02
-1.160193558248233643e+02
-4.541276315314532894e+02
-3.210979388093480793e+02
-5.189623761368478938e+01
-3.621510985428967047e+02
-1.813047181710538212e+02
-7.817783207114733557e+01
-3.363609102875875578e+02
-2.847459355618116206e+02
-2.869440853858861260e+02
-2.434505136102881977e+02
-7.255088145063972149e+01
-2.854488558003849903e+02
-3.492020200757521025e+02
2.293905104474532664e+01
-3.636309038790093950e+02
-6.038170209114501858e+02
-4.711789301482376118e+02
-1.612498876868966136e+02
-4.207936413661288952e+02
-3.636110376886749691e+02
-3.988958029815632926e+02
-2.738988590562828449e+02
-2.320896336956347170e+02
-8.282402733771434100e+00
-3.067543020049082543e+02
-6.019089166946960177e+02
-3.192556393092801272e+02
-3.221012263520107126e+02
-7.450546340656512712e+01
-2.623804882436554635e+02
-2.592308618399739544e+02
-1.843650132485387871e+02
-6.671939471961428580e+02
-1.515481536569680543e+01
-3.436478378176300339e+02
-2.967091644151944934e+02
-5.326067931365374761e+02
-4.374627875154995422e+02
-2.947905751306726074e+02
-5.478612700534386022e+02
-2.839288449072170692e+02
-2.835784608197801617e+02
-4.666370969716466561e+02
-3.772165633247883534e+02
-2.683182615519531282e+02
-4.930197683253215928e+02
-3.994680774870224127e+01
-3.492895885391309321e+02
-2.247654100284510719e+02
-1.928430483898254124e+02
1.425947849867035586e+02
-9.408882883304190159e+01
-1.633885411171567057e+02
-2.871070998326258632e+02
-2.759713892674200224e+02
-9.907578389032349264e+01
-8.409661422139025433e+01
8.111127994320615642e+01
-2.427998179338755165e+02
-4.403339215191100919e+01
4.848498297550960956e+00
-2.025070086170598671e+01
-3.424536855545743208e+01
1.109030376480353794e+02
7.594091553626327595e+00
2.999729117458142014e+01
4.945759917164994590e+01
3.583970311920347029e+01
2.119898598251939248e+01
1.080178637414323077e+02
-2.036345509754638670e+02
-6.904663734485238535e+01
2.061326303710410102e+01
-1.663072550534586114e+01
-2.061909423041841194e+01
1.469288381429657306e+02
3.143167808562261456e+01
3.824332952900572735e+01
-2.082563634418737593e+02
-7.700183899318921021e+01
1.148019847566619944e+02
-2.500142740296503518e+02
8.986476626681945135e+00
1.869187506291140011e+01
2.093716960071649780e+01
5.835837433650389272e+01
-8.137730814441823668e+01
7.709846165352934122e+01
3.300432862570741577e+01
5.002189555801349741e+01
-9.750004998208576978e+01
-1.471094767334732865e+02
-1.312900274963480172e+02
-4.037541041282133847e+01
-1.111482232617568258e+02
1.165395663283639394e+01
9.397525865703501324e+01
-1.155996356385406898e+02
5.569086208211420796e+01
-8.708652032508807395e+01
-4.894387284645956981e+01
-1.095936258486401016e+02
-9.130955788441923460e+01
-6.879720557110975676e+01
-1.118147539561041128e+02
1.037613373759234037e+02
4.401360175717891821e+01
-7.608550015943728795e+01
1.121558560493549095e+02
5.539669329278085286e+01
3.256108302847502500e+01
-1.113845455897385079e+02
1.451471969148211194e+01
6.290244771042644345e+01
2.844265649948393104e+01
3.748302731193819426e+01
-2.046408416947567162e+02
1.583654190985792454e+01
-7.646430255807815968e+01
-1.717582545175432642e+02
9.311319130304235614e+01
7.675484154853921837e+01
-8.147280462312701843e+01
1.103164812487588904e+02
1.283683051385675000e+01
1.054046156966474541e+02
-8.919550782775246489e+01
-9.247431366981308543e+01
1.922255487146538044e+01
3.475279925921802260e+01
3.448674839593539332e+01
-6.613193126954934087e+01
8.808510315239220745e+01
4.030844988478227719e+01
7.807205194453278807e+01
5.066593872696001455e+01
9.407457679781870752e+01
5.097070584612589528e+01
7.485501600018885426e+01
5.425968744021756152e+01
1.181696574206422667e+02
1.127451330058497092e+02
8.396902541711997969e+01
5.272801325354760138e+01
1.262367661663107299e+02
3.345281800878652234e+01
1.139672928737974473e+02
9.866858470354102906e+01
1.345945508346093504e+02
1.514049840679082592e+02
1.742163205678380677e+02
1.112224544155206303e+02
1.432202039682492796e+02
1.363603980735967980e+02
4.729866228645765602e+01
1.462616475075125493e+02
5.382873114269320070e+01
1.223504071806459308e+02
5.313858528756615840e+01
4.796152052264767462e+01
1.701104093055670603e+02
1.266139686305138241e+02
1.690416162126477957e+02
5.570481663865227517e+01
1.683950253587837267e+02
1.840864675502639614e+02
1.622531562421615945e+02
1.636759718325802169e+02
1.433275216906344838e+02
1.547146342023351053e+02
1.489245647930101768e+02
1.320903661508910716e+02
1.780857509471926505e+02
1.263656541595173479e+02
8.278607291335370633e+01
1.405407942278628184e+02
1.373550973907097728e+02
1.841480147207610685e+02
1.668144187161540231e+02
1.219794043517884035e+02
-6.720729726957344496e+00
1.350522926024317485e+02
1.589212066982774729e+02
1.576497028409308427e+02
1.561118096501068067e+02
1.692166166092760022e+02
1.370778439112594640e+02
1.292447136972968451e+02
1.566746327498163964e+02
8.161734845630928703e+01
1.529448015327654957e+02
6.917167426213109138e+01
1.380209851860687422e+02
1.701771402273415390e+02
1.623803144244115515e+02
1.178336814918271500e+02
1.620359279327154240e+02
1.333027817361338236e+02
1.779055746702366605e+02
1.245697229681118330e+02
1.387628781501074400e+02
1.604060605949025557e+02
1.169988851351373427e+02
7.729401700833275868e+01
1.073184297898008026e+02
1.555995564164356040e+02
1.648155221881539205e+02
1.457609380335708238e+02
1.093218099757046815e+02
1.739390717414220262e+02
8.459485743737401719e+01
1.096374769421101831e+02
1.337896977834892027e+02
1.622688223611330898e+02
1.662440333946245232e+02
1.619488652952463781e+02
1.412163146464018837e+02
1.309874056241568780e+02
1.844897992295380220e+02
1.037609976361384554e+02
1.353162230077133188e+02
1.546733197355611367e+02
7.314653270037089783e+01
1.774482072679277280e+02
2.644243057395638061e+02
1.583833245575218029e+02
1.059455091391887862e+02
1.450982190317719471e+02
1.262900453191617629e+02
1.192351595472942023e+02
1.532577458322829500e+02
1.563681479534148195e+02
1.722389685231938472e+02
2.074986763332755686e+02
1.714356060862337472e+02
1.424408606804634871e+02
1.557497016573764483e+02
1.663975729149281335e+02
1.327911634828430749e+02
2.359213707241293889e+01
1.567902192425137002e+02
1.601483087776383343e+02
1.504363753372405483e+02
1.481252735304356634e+02
1.934877383743130679e+02
1.525101225468679047e+02
1.473176742224407860e+02
1.170123589085534945e+02
1.996147720856916692e+02
1.526852784576361728e+02
1.741254594137485867e+02
1.336760433944329520e+02
1.800613340561193638e+02
1.067137822247906911e+02
1.394742647539382574e+02
2.840076464026760732e+02
1.423399210435767372e+02
1.089335681944355088e+02
1.400766851528154859e+02
1.738564968187228317e+02
1.696878563723802813e+02
1.311676511830478375e+02
1.481573998621762769e+02
1.719120092934326749e+02
1.061993448879408106e+02
1.383813806058887792e+02
1.406574994716696665e+02
1.081215824065971560e+02
1.708255271153201704e+02
1.932910818449618944e+02
1.183289314507104990e+02
2.031478853238873512e+02
8.316837208507362789e+01
1.031102606307328813e+02
2.020640083773517404e+02
1.850244993363880042e+02
-3.362732326757708279e+01
1.171358795034030891e+02
9.859634769794064368e+01
1.697704686863054917e+02
1.910015478188209386e+02
4.843039525882363705e+01
1.378731355911593539e+02
1.459163851449465881e+02
1.054754604990019544e+02
1.266580713588641061e+02
1.745378769508263304e+02
-3.936288783756252485e+01
1.923497211557553612e+02
-8.168150040828894021e+01
2.064221938332916579e+02
1.320409525759938845e+02
1.485248173163982983e+02
-7.538251135375188028e+01
1.276564128690658322e+02
2.618021596701072440e+02
1.207432999663493405e+02
1.762571054132462223e+02
9.589533595054027160e+01
1.512725916342823211e+02
1.496217436372866700e+02
9.775145324002949110e+01
1.549665391105252183e+02
8.469192258228400760e+01
8.546088431628763260e+01
2.814763888688522115e+02
-8.842611507544424398e+01
2.573879929536919917e+02
1.575170932567890816e+02
7.970928594990876093e+01
1.175014408338320635e+02
1.119572969610660351e+02
1.003791286767131794e+02
1.485264076330118144e+02
9.200513131708275694e+01
1.330740651191325412e+02
1.393744926986306609e+02
4.157654483322920669e+01
4.522377612145039905e+01
1.267586912956521701e+02
1.368858313665333526e+02
9.622909181885350449e+01
1.214646837098150343e+02
1.801612809172133325e+02
1.009628529931494541e+02
2.483467958049876358e+02
1.380607726029112996e+02
1.607708618521793369e+02
1.020220848680146162e+02
2.497931220205682905e+02
1.842211176380493498e+02
1.494561183994192675e+02
-9.857025180143538989e+01
7.737331959552354022e+01
7.665473435376338784e+01
2.663053648990055535e+02
1.027353063241547204e+01
1.491842425123629710e+02
1.291738473771807776e+02
1.452295578709264987e+02
8.886071529442885719e+01
-2.298827736489927531e+01
8.669788228439352906e+01
1.545841534944649709e+02
1.422907086472160643e+02
1.059848184834285973e+02
-1.701078193883348888e+01
1.604713821638175091e+02
1.199640997069390238e+02
1.690438296523905137e+02
1.167870825713145422e+02
-6.044669720573623550e+01
1.798879465793019676e+02
-7.810590163182502010e+01
1.631419274860737687e+02
1.689906317958762543e+02
3.053774349804349981e+02
2.704801821791585326e+02
1.737229211851586115e+02
1.654950285858143388e+02
-5.016686288846505448e+01
1.148842759523549546e+02
-2.177184776429272972e+01
1.335669272031283583e+01
8.914774322809310547e+01
1.494184502851379079e+02
1.369641827130378431e+01
2.741168944801941052e+02
1.208530528409793448e+02
2.534549857163094089e+02
2.633753562922037190e+02
1.710046452905159811e+02
1.765456816324124532e+02
-1.029039052748445329e+02
-1.080154267763054605e+02
2.865986299227234895e+02
2.325630358424607493e+02
2.677654453957151190e+02
1.325881476757435280e+02
3.202684685598185865e+01
2.638758642206337868e+02
1.453818098463470960e+02
8.012568769397464052e+01
9.078074254465737170e+01
1.207125159658243803e+02
1.030978077159419826e+02
1.921478660350503560e+02
1.319550632780211288e+02
1.889463070628501953e+02
1.101778305474396547e+02
1.841812825137658933e+02
1.648535080704384654e+02
2.713257024502163972e+02
3.895170105679545713e+01
1.471946023033730739e+02
2.193242545190871624e+02
-2.984704417623071322e+02
1.036840102348360233e+02
7.132765264270499017e+01
1.437554039610499501e+02
2.858029302609534739e+02
9.701644663073489028e+01
1.421445404899676248e+02
2.447019974004324183e+02
1.604333583829865688e+02
1.307094865683276055e+02
2.668277205225066382e+02
1.186411075837057041e+02
1.766081127242959781e+02
2.786846212122725319e+02
1.584135014886443571e+02
2.367656943194149051e+02
2.856644088826638495e+01
1.420142691236699193e+02
1.440560115623842137e+02
8.326429881490957996e+01
2.651730603309510457e+02
1.192722657945697620e+02
2.217213020896500382e+02
1.453200379332222383e+02
9.267263300206148813e+01
2.821461588954499007e+02
9.585982002738346353e+01
2.518181030420982722e+02
2.275912213932828081e+02
1.898474595441876716e+02
5.240308872478144053e+01
2.873289641387339088e+02
2.417917252335265346e+02
1.352798841031178370e+02
2.527141342312483800e+02
1.703695948835633942e+02
1.831270151985143002e+01
1.617605304509393136e+02
2.605767288452186676e+02
1.629612701128432377e+02
1.646794214032679520e+02
2.804745629508813067e+02
2.518467741745942590e+02
2.749718609970469743e+02
2.074171927057020071e+02
1.654156792445560313e+02
1.312650534814161460e+02
1.098965330665168665e+02
1.655036123655163465e+02
1.320205099628466030e+02
-3.265586414774048762e-01
1.247321531761974853e+02
2.483877763935665826e+02
2.697046302318790367e+02
2.456835325970729400e+02
2.758341401462309932e+02
1.497763730928827215e+02
2.940341015661600750e+02
1.931588111671472632e+02
1.258378997012908798e+02
2.024701100434608350e+02
2.431598356570562487e+02
2.378273269495713294e+02
1.384169398339956274e+02
1.264624138004047609e+02
1.114012641623756394e+02
2.795528482639293770e+02
2.568941288539872403e+02
1.271879138579840571e+02
1.214568948273843603e+02
1.201883547845345532e+02
1.491666619263435223e+02
2.700617632148496909e+02
2.562659613170244484e+02
2.852157766211101944e+02
1.602284977192283577e+02
3.175300869822300456e+02
8.640934347000585092e+01
2.530930219847350031e+02
2.477434920718961280e+02
1.036700856863497080e+02
2.594965616759202476e+02
2.513501862258516439e+02
2.664437440974032825e+02
2.868228883830046243e+02
2.773365497239770434e+02
2.594451369798093765e+02
1.452732416726810811e+02
2.688972210743702362e+02
1.317907467280705305e+02
1.621753756079303628e+02
2.695419205315275804e+02
2.956307963267046830e+02
2.716886228150440274e+02
2.596927347205985370e+02
1.444701025317866083e+02
-8.504435617316559615e+00
2.976192117568068625e+02
-8.422674503680650560e+01
1.839608342094250304e+01
1.106447723440579978e+02
