-9.244307928425315879e+01
-3.069633273438435026e+02
-2.696240905741680081e+02
-3.474067469948134885e+02
-5.399765414116836837e+02
-3.257381619276461038e+02
-4.113609047394103300e+02
-3.197972619582326388e+02
-4.777326796739535553e+02
-5.070440169928787100e+02
-2.876460310355510046e+02
-7.138312906838378069e+01
-4.689258062922752970e+02
-2.786503118211549577e+02
-4.746533596940961957e+02
-5.037740617414829103e+02
-2.110210575785696960e+02
-2.888830050162330281e+02
-3.589629172903739800e+02
-1.923111611829870640e+02
-3.907113589566739620e+01
-1.641248233502470555e+02
-1.284341492476911810e+02
-4.566825172973611302e+02
-2.106616176320049192e+02
-1.887183684863177007e+02
-1.469597457154827680e+02
-1.929511929681819993e+02
-4.882349923880994993e+02
-1.768181455783198714e+02
-4.283610444508550472e+02
-4.657711991837294363e+02
-5.369753897061826819e+01
-6.672285795039798018e+00
-1.222461335037690873e+02
-6.089984863157684458e+02
-2.947433779977829431e+02
-1.632182497307239828e+02
-1.558725176142768873e+02
-2.547755006425750537e+02
-7.431811258082968834e+02
-4.251625088283284413e+02
-6.002045758903922206e+02
-6.075164339814741652e+02
-4.640075870108657909e+02
-4.816712726343340023e+02
-1.430424609566336756e+02
-2.310411489629385073e+01
6.943702345843846047e+00
-1.902193064665564179e+02
-1.694669775168796662e+02
-4.424755731805821597e+02
-3.471153273203356093e+00
-3.406856312001654032e+02
-1.444313863085683067e+02
-5.724245419425379566e+01
-3.238251696974996321e+02
1.679183364308968862e+00
-3.507062554031267609e+01
-2.841186193096926900e+02
4.652892560523201837e+01
-1.263039728144219254e+02
-1.791947903947875886e+02
-8.866101925144837992e+01
6.944772331357766859e+01
-2.277235421626564289e+02
-1.664601265788947160e+01
-7.033262953380675242e+01
-3.109671734590791061e+02
1.639255941390796778e+01
-8.575651060570515938e+01
-8.267153244047690919e+01
6.785009560981734467e+00
-8.603910957343694577e+01
1.128226574662535171e+02
-2.074179895326050200e+02
-1.798278708647833923e+01
-2.375022180638973737e+02
3.612972077798642090e+01
-1.928456861614378113e+02
6.801130901945994367e+01
-1.991471724941884531e+02
9.017603080912341795e+01
7.208464628173676658e+01
1.273919212904916378e+02
3.580548516587342078e+01
1.171834039990800136e+01
-3.435356234479675663e+01
-4.842229469219537918e+01
1.378337933190477997e+02
-1.394031753777242102e+02
3.425928050357667587e+01
5.519875424391323548e+01
4.357561344639573520e+01
3.639436944962120890e+01
-6.654840912157069965e+00
6.992873738192676569e+01
1.570231421033038544e+01
7.893055290415175307e+01
1.082292500404854394e+02
8.611903897448122791e+01
-3.682822774739280192e+01
-4.304188258830853897e+01
4.112626799869200767e+01
-3.924010906277698041e+01
9.917352064785467292e+01
5.568813906297808813e+01
1.244707850006512331e+02
-1.046691118824489308e+01
-3.067759152117851329e+01
1.462790049321099843e+02
1.047791608976454825e+02
1.368494522535858664e+02
1.542665626543591486e+02
5.371123403561118437e+01
1.356903015923985549e+02
6.881683849513241569e+01
8.342094107666181912e+01
-1.689687572038773169e+02
-7.623798650723411185e+01
1.223230867352062035e+02
1.907898801758973661e+01
-1.543926155156506184e+02
3.361923540097170537e+00
4.544643983521545749e+01
1.175708891336293505e+02
1.546992146693960137e+02
1.284273248733182413e+02
1.197777733631510415e+02
-2.835260744201198690e+01
1.482232983577779919e+02
8.047766025020125369e+01
1.452415872817993829e+02
1.079439588262109311e+02
1.006761043802891180e+02
-1.099565529849903953e+02
3.907620135650225990e+01
1.305140735658902997e+02
1.250313839495953943e+02
1.119097483210493778e+02
5.936651299076737587e+01
8.603094202294574444e-01
7.091348115711957689e+01
1.400668291009258155e+02
5.508257364959057156e+01
1.212498356875206156e+02
-5.475157171382392107e+00
3.086963921949054068e+01
3.665906828542985352e+01
-2.802786354003936822e+02
5.216141596716147433e+01
1.418750465084525274e+02
-1.089454614581042904e+02
1.535230172968855413e+02
1.213951564201092737e+02
8.646134123176581454e+01
1.085442181686282623e+02
7.178442248080955324e+01
1.213041346808209227e+02
1.025559298601766614e+02
1.033361898858234724e+02
1.446251406427104484e+02
1.027444185741914993e+02
6.224238279835408605e+01
1.678343394765055621e+02
9.759089454263163077e+01
1.276273531235138563e+02
6.199945459370587741e+01
1.011896183051631652e+02
1.430784768750099545e+02
1.023314973384608777e+02
1.263211091004924782e+02
9.033082220825517084e+01
1.041521843285736111e+02
1.561286461445399141e+02
5.667772592569397716e+01
1.412490351270204485e+02
1.064065716830067174e+02
1.128926426155961025e+02
1.286773867040813002e+02
9.510565851596041398e+01
1.792146288613197669e+02
1.179823462491065840e+02
1.362809566889004316e+02
1.506459482572603861e+02
1.905459568106883808e+02
1.254980482869667782e+02
1.266000281368273761e+02
1.908033139706980421e+02
1.231104953886408282e+02
1.599396081688462630e+02
1.173944158928491817e+02
1.432267090334624129e+02
9.574078416200241293e+01
1.079514592710362137e+02
1.872390976871954393e+01
9.276287273825346347e+00
1.399072622082337034e+02
1.609813042832638814e+02
8.360868800062795003e+01
1.365669361251537062e+01
1.176070547949429397e+02
4.190237876178137810e+01
4.801176626907567879e+01
1.807790855634961815e+02
1.074142598014528431e+02
1.724340270085667441e+02
6.615909797075347853e+01
1.877449726942454333e+02
1.924168969836225074e+02
1.155803214104105621e+02
1.658488575287005915e+02
1.844473013575338314e+02
1.191192996260919443e+02
1.293165046435200622e+02
1.277572566973643546e+02
9.745225790493942952e+01
8.068787552621405723e+01
1.415230179202360432e+02
1.609103806210817140e+02
1.811054359337244364e+02
1.645796124306454544e+02
1.699458817852585639e+02
-7.169001457678872669e+01
-1.594730982935525958e+02
1.673659564690626951e+02
1.749666828250612411e+02
-1.311986438451570507e+02
1.288166883584613061e+02
1.842989257155969085e+02
1.836855024157797516e+02
1.987052841223382416e+02
1.613068922969968071e+02
4.126959021571227026e+01
1.702712103453172006e+02
1.155543750397222880e+02
1.607211336686989682e+02
1.718734530951600448e+02
1.378325780681087736e+02
1.456012414837232143e+02
1.186824665930493836e+02
1.279803562563834589e+02
1.510145963634332418e+02
1.603291678196065391e+02
1.456608838079739030e+02
1.670806917261343187e+02
1.457651552158986306e+02
-3.671892258509505780e+01
1.542389195600202072e+02
1.362386031561660218e+02
1.489165164807627377e+02
1.284294844493428229e+02
1.914946425962723140e+02
1.298098144719513982e+02
1.781230737594061111e+02
1.764732942080770499e+02
1.632912016898410741e+02
1.739178042330318590e+02
9.487851636540682421e+00
1.773155762338515160e+02
1.475410324410346163e+02
1.772784626779110511e+02
1.614213488035114210e+02
1.150828259667491551e+02
1.246917290779142746e+02
1.779514892351949698e+02
1.791087555079662366e+02
1.528599751674075549e+02
1.704601869065158439e+02
1.687358153207678129e+02
1.227087373302422151e+02
-1.939176714158966206e+02
1.702602558628017277e+02
-2.462904842100073211e-01
1.358670813949044032e+02
1.156380595515518763e+02
1.438440941121415619e+02
1.771753934192536519e+02
1.585146448029072133e+02
-2.516118893321452106e+02
1.305370644791090911e+02
1.501273285989769306e+02
1.928591884781710348e+02
1.111222706699171283e+02
1.275245322329517563e+02
3.165909018636542669e+02
1.147881093857346997e+02
1.507042526542325618e+02
1.682630602042589487e+02
2.443327512922191147e+02
1.466926203763468095e+02
1.780730154080827390e+02
1.530603850932366470e+02
1.241114383050651782e+02
1.148341112862725737e+02
1.667816286284608793e+02
1.489745729227611264e+02
1.836954725834125099e+02
9.597219705380042853e+01
2.651420929434622167e+02
2.766961647731616267e+02
1.403848828575291634e+02
-2.213268831138993278e+02
1.534461879801849022e+02
1.395172456535019307e+02
1.219557197865133134e+02
1.744345435161028774e+02
1.463634531921854887e+02
2.701485681784961344e+02
1.091320697718932138e+02
1.615549652750814573e+02
1.700159879047029108e+02
1.547573361387768500e+02
1.733188380321264219e+02
1.164147125188798526e+02
1.306933610252568485e+02
1.798765142769459544e+02
1.423746223611362325e+02
1.489782738524559988e+02
1.660460625234034353e+02
2.763900262312978953e+02
1.633996645271957959e+02
1.202601009588281613e+02
1.422922942449779384e+02
2.584917905143897769e+02
2.061128376785981402e+02
-6.450594612324493937e-01
2.074286554611653628e+02
2.374046416776880051e+02
1.565927980532588322e+02
1.503180015182101954e+02
2.726493609986231377e+02
1.602903454702812951e+02
1.653691179820739876e+02
1.728890238388671037e+02
1.353913992576025294e+02
1.403476343861484281e+02
1.628963879676642250e+02
-8.806337771472668408e+01
1.720842518978279259e+02
1.738976386088912705e+02
1.547928519911681633e+02
1.234095118516200387e+02
1.825233525987916607e+02
2.652953131984241963e+02
1.778431416142464343e+02
1.494198074420462490e+02
1.000580353910575298e+02
1.017911479668909465e+02
1.161160863513015755e+02
2.641800897085084330e+02
1.518240729808504170e+02
7.560110777774596613e+00
1.422294985464596948e+02
1.844304597893842583e+02
2.550832309120036996e+02
1.793404184829245480e+02
1.534193137903941704e+02
1.017083444901299742e+02
1.072718872317487211e+02
1.115358166146192929e+02
2.750265908975138700e+02
1.184647861262053965e+02
1.406589027633541491e+02
1.450570097499208089e+02
9.106869139603286101e+01
1.605866272982783585e+02
2.688335956873154942e+02
1.567884232285186386e+02
1.330866170255989687e+02
9.857431934026760700e+01
1.562464831498103592e+02
1.534601895080957377e+02
1.389788399413021125e+02
1.398508375674629178e+02
9.793412547291219994e+01
1.613739526876164518e+02
1.208013944729671323e+02
2.097370936902242988e+02
1.549510737450368083e+02
1.787892731993787265e+02
1.810774082705474370e+02
1.322254670363914784e+02
1.892677909557862392e+02
1.584063715550914253e+02
9.427232520316756847e+01
2.982019342835355928e+02
1.122845135479511072e+02
-1.607011206386663389e+02
3.226943286468787164e+01
1.376700939190479858e+02
1.162058553324812209e+02
2.342363857116549184e+02
2.938819773234808963e+02
1.860926442298097641e+02
1.107531002479508970e+02
1.521069411000691503e+02
1.471528017782097493e+02
2.434494284046645589e+02
1.588138296667596308e+02
1.342637936678820836e+02
2.939332565539642701e+02
2.916993147076781270e+02
1.556728957463393215e+02
1.561781470861739649e+02
1.412720378081610875e+02
1.229017880503253366e+02
1.453824785581100798e+02
1.781630266526670141e+02
1.283821089933301778e+02
1.292545031370851234e+02
1.038170508565386285e+00
2.112108610835920786e+01
-1.822817950734746830e+02
3.022336689085495891e+02
1.033500587045862318e+02
7.759233919328718798e+01
1.650024412278554848e+02
8.187651334438470485e+01
2.536712199403342822e+02
3.097619310789585256e+02
2.376634775036407348e+02
-1.664363398862497263e+02
1.205563026101277870e+02
-2.283929326185074729e+02
1.931772235508871915e+02
-1.471139872111210423e+02
2.400293004124782215e+01
2.398353954375782280e+02
-1.213974969172566603e+02
9.337355530644659041e+01
1.448441995841191101e+02
2.560531935501218470e+01
1.249511384817107142e+02
-2.593850310998963948e+01
7.827715883423421417e+01
1.128705573800708208e+02
1.176732611052826059e+02
2.546923122572019338e+02
-2.587281760983869106e+01
1.255145903308090283e+01
2.446683020095953793e+02
1.111147825013032815e+02
1.121556470949461044e+02
-1.096549744777813515e+02
1.292921119513595727e+02
-1.441011929764579236e+01
-7.619770991082476996e+01
2.935480009566468311e+02
1.256651184506199854e+02
2.599102481217548188e+02
1.236864910670068411e+02
2.612955546022861881e+02
1.065646705816019590e+02
2.306768786017405546e+02
2.719751385017294183e+02
6.176171811046928894e+01
1.564995544119793180e+02
-1.477231362165194639e+01
-6.582027146504917425e+01
-6.343050997180770878e+01
8.330324635639766484e+01
-1.010477979407174018e+02
1.723679851494666480e+02
-7.737816912779148026e+01
-8.621534664856771712e+01
1.889080194829652726e+02
1.326622919401865772e+02
-8.222644044795873697e+01
1.609496165390748104e+02
2.454750442092149001e+02
-1.308487114951342392e+02
1.169657537348210639e+02
-6.768266877353451605e+01
-7.046120432005048428e+01
2.024853548606327820e+02
2.375132441789055804e+02
-7.645636583042096390e+01
1.243848413799074706e+02
2.358274705144415293e+02
-6.906195229404417546e+01
1.159251177975735629e+02
1.263511890921709693e+02
1.499768997988058459e+02
1.292736913416991342e+02
-1.649080859639215646e+01
2.719697198888819116e+02
1.043570968494983617e+02
-1.075094278545206521e+02
2.721785730373743490e+02
1.785660889646697171e+02
2.118003421133769280e+02
1.300407862047126741e+02
2.525806631714666537e+02
3.108758916181091081e+02
2.779150256326593649e+02
2.267304275755765275e+02
2.119866811099370238e+02
1.818682085391377257e+02
2.679794612741574156e+02
