-4.342419206600166603e+02
-2.061296315460892004e+02
-2.600208809689049190e+02
-3.029283188208197544e+02
-2.990567584145011324e+02
-2.959617359470957467e+02
-2.883898249773770885e+02
-2.818857464886976913e+02
-3.056386655322638148e+02
-3.215815262690604754e+02
-3.251600978728507698e+02
-3.373853360890583986e+02
-3.345912534725858904e+02
-3.332392541734680549e+02
-3.413794766962452059e+02
-3.413367614944026514e+02
-3.263430825905812185e+02
-3.302328815554453740e+02
-3.303129334615993571e+02
-3.175292712087726841e+02
-3.141802817666614942e+02
-3.099718264064280788e+02
-3.058086784150178801e+02
-3.009782693828458946e+02
-3.015974111600800711e+02
-2.963238859713585498e+02
-2.945000975502807137e+02
-2.922791449984328551e+02
-2.883623017921818246e+02
-2.904615766789880809e+02
-2.891854073777634540e+02
-2.810541783357717804e+02
-2.791552406228067866e+02
-2.784183858562089426e+02
-2.812762900556827503e+02
-2.840067325645117080e+02
-2.886520322894176047e+02
-2.838946962397868106e+02
-2.835519848227152124e+02
-2.763809601691697821e+02
-2.705037288189460583e+02
-2.654734928617005494e+02
-2.644697986706187294e+02
-2.622978224274582999e+02
-2.619309834322758093e+02
-2.615105811341209687e+02
-2.619192685251446164e+02
-2.583249125594569477e+02
-2.563057918260630004e+02
-2.514277397135129206e+02
-2.512269397068683361e+02
-2.550199758947973123e+02
-2.560309576694762086e+02
-2.526390551630424284e+02
-2.507664085767721360e+02
-2.456394999666771923e+02
-2.479183778057810912e+02
-2.485970673195209315e+02
-2.448184540454965088e+02
-2.388902857388080747e+02
-2.359363541247367380e+02
-2.329299828437673341e+02
-2.287638694442152598e+02
-2.266198690711882477e+02
-2.230743262429553795e+02
-2.199950603063756205e+02
-2.170620551503773186e+02
-2.138172955976662593e+02
-2.109436181811120150e+02
-2.082777717844475376e+02
-2.076564386318901541e+02
-2.043229673251728116e+02
-2.004764442242509688e+02
-1.971912504284278498e+02
-1.941192589034893103e+02
-1.905834937615788078e+02
-1.869603283855071822e+02
-1.850739980214247851e+02
-1.822797676329508079e+02
-1.797817301037869981e+02
-1.771813197534481219e+02
-1.750196797953471730e+02
-1.741997388344564115e+02
-1.707974483899760685e+02
-1.688053363281232464e+02
-1.655004087007614260e+02
-1.623694508537755041e+02
-1.618625783393681559e+02
-1.589418171867102956e+02
-1.562012942497406129e+02
-1.539225445336984137e+02
-1.514157140394222836e+02
-1.488543836660307420e+02
-1.464857621171419453e+02
-1.436826447411774836e+02
-1.410861136571942609e+02
-1.386794212087376081e+02
-1.380600448124256729e+02
-1.355322137473184512e+02
-1.334720847396285137e+02
-1.301430458068340670e+02
-1.299476218339709419e+02
-1.259461857587145630e+02
-1.231786717325543634e+02
-1.200848003831112010e+02
-1.159479732832070482e+02
-1.149383068621266659e+02
-1.132819180901163065e+02
-1.106420489437791304e+02
-1.051913240557112061e+02
-1.005256080313783116e+02
-9.699320488961093645e+01
-9.303219911275127174e+01
-8.917736265584912303e+01
-8.306432393160562810e+01
-7.836384278296421257e+01
-7.620344809838543654e+01
-7.160579535180279720e+01
-6.730373619595074786e+01
-6.565524951066656456e+01
-6.427833623473743785e+01
-6.103389488804051410e+01
-5.982762641775104129e+01
-5.926059510986173962e+01
-5.476841056331515745e+01
-5.188209559164462803e+01
-5.017245965304950062e+01
-4.698570751890994046e+01
-4.404746032184172577e+01
-4.157019463797645642e+01
-3.880383702277600122e+01
-3.736376841883214439e+01
-3.608962209005878208e+01
-3.220533435722980187e+01
-2.823792081338273974e+01
-2.339987470676598136e+01
-1.792661472915869680e+01
-1.858542226014649756e+01
-1.566595876786945318e+01
-1.677443846484079515e+01
-1.567951742054185615e+01
-1.408194190513965083e+01
-1.113571022605771610e+01
-8.407658414529690205e+00
-5.026105173573188090e+00
-1.833990867173397321e+00
1.978774475544589073e+00
3.740334955295838260e+00
6.152714255224018380e+00
6.269272397996791923e+00
9.771118320478299424e+00
1.515718116225744794e+01
1.664513879757421222e+01
1.839587309725477127e+01
2.100400228976675265e+01
2.159055028949030230e+01
2.717650974262669905e+01
2.809245384142838731e+01
2.946176343419537602e+01
2.962780078974907028e+01
3.077111955543943012e+01
3.242711394708535266e+01
3.033392153167265093e+01
3.274907919168225590e+01
3.417789519232459128e+01
3.351573022621100506e+01
3.244578867371310338e+01
3.358177387700875016e+01
3.455866253953954015e+01
3.630796193337935307e+01
3.921066857200730738e+01
4.029834723172962896e+01
3.875439296127487410e+01
3.922999127467470970e+01
4.002827202353630298e+01
4.041656913698230369e+01
3.896707671701204134e+01
3.730227642833537516e+01
3.840445208747574668e+01
3.794909616618824799e+01
3.742032670300048380e+01
3.878273220823140832e+01
4.034694997994424170e+01
4.043053784507355886e+01
4.133161471671294862e+01
4.177776885091565617e+01
4.155467214329630110e+01
4.388058999471952148e+01
4.400560877783875213e+01
4.482216593543174810e+01
4.365396365307397986e+01
4.412916587781282374e+01
4.485550854231623674e+01
4.085222961570698885e+01
4.112371258019513931e+01
4.176130768800739901e+01
4.060758605735185256e+01
4.273205257876458774e+01
4.258528381773848537e+01
4.301748867930305664e+01
4.321252153305013621e+01
4.418163226743342165e+01
4.472202595531337721e+01
4.747201468439853755e+01
4.498718159319827237e+01
4.486472101205675500e+01
4.794834166660962893e+01
5.004311958739551613e+01
5.372160571341049007e+01
5.449227205369403038e+01
5.484217710743369878e+01
5.727798769911087362e+01
5.783983662907402845e+01
5.859248084723727601e+01
5.844320261333289324e+01
5.830056739030248281e+01
5.832426091612472163e+01
5.898726219629654111e+01
5.968029856701835456e+01
6.001111356374143924e+01
6.236127603548662535e+01
6.275386474864500741e+01
6.519750304158398535e+01
6.796727858211663431e+01
6.679025099991903858e+01
6.687430087870785655e+01
6.882709282181204458e+01
6.929322540147309439e+01
6.610240226454598655e+01
6.847597118667795257e+01
6.895960537376873845e+01
6.851501309498246428e+01
7.090432019732425317e+01
7.081022618408091773e+01
7.174664419377420188e+01
7.225233671078169095e+01
7.236990921029935464e+01
7.515852523580258548e+01
7.573761390412813910e+01
7.748841400373028421e+01
7.744307051254263286e+01
7.724965955178997490e+01
7.452509623180606013e+01
7.383921280707710366e+01
7.356081571771343874e+01
7.269717501457840569e+01
7.259536394501876089e+01
7.264278294325688989e+01
7.321185926321327031e+01
7.425291815193601508e+01
7.289504371084203171e+01
7.322501015648063571e+01
7.553425336585232230e+01
7.567934437995803876e+01
7.599918521525101767e+01
7.606877405839338735e+01
7.536193601834504818e+01
7.927875981850640130e+01
7.957407622714293893e+01
7.974266046572284949e+01
8.017893461136179667e+01
7.891700633643522167e+01
8.170543163333545067e+01
8.145362638136401756e+01
8.150669025599280815e+01
8.390247944773105360e+01
8.649505191521568293e+01
8.540812932284579517e+01
8.631993362746177922e+01
8.583231071969467507e+01
8.601920950774555763e+01
8.520847648071998037e+01
8.683508716816220385e+01
8.698635600657821954e+01
8.691777224662550339e+01
8.671773941454101475e+01
8.887159277488419207e+01
9.214826572147025274e+01
9.260571618684393513e+01
9.459417803105739608e+01
9.650197739467979829e+01
9.681990749325501611e+01
9.787187777115424581e+01
9.852171309632538510e+01
9.862876420033657610e+01
9.887935234406218399e+01
9.980922018040143939e+01
1.003037519249845673e+02
1.006399056622965986e+02
1.002879073713952920e+02
1.024442170026593573e+02
1.017938011949021018e+02
1.015045985699501045e+02
1.062764277933813730e+02
1.066104727743740170e+02
1.069233921730487253e+02
1.080358151894153735e+02
1.070529894265978328e+02
1.075885466866502043e+02
1.076837235725235615e+02
1.096567745563764618e+02
1.078862823189955407e+02
1.079814066049106458e+02
1.085836765045936829e+02
1.125385479086612719e+02
1.129414637988507621e+02
1.125427766155380596e+02
1.123827008467079054e+02
1.126446913011003943e+02
1.125947995006791871e+02
1.127563607455317651e+02
1.126824532548691309e+02
1.127335964081014055e+02
1.129202104535847013e+02
1.130094907085946261e+02
1.137143517932319838e+02
1.137545957265221830e+02
1.142108524732649357e+02
1.140504002666079231e+02
1.136938597525229113e+02
1.134909762156128750e+02
1.137011159769518827e+02
1.135526100597541586e+02
1.136304672020178970e+02
1.147997758288052665e+02
1.150119182133328337e+02
1.155305823707381450e+02
1.155399218198916458e+02
1.189959373555350197e+02
1.192764273592601114e+02
1.202186015389072793e+02
1.186643921077132404e+02
1.184959088700161374e+02
1.184647983967583968e+02
1.156106846392338383e+02
1.166201000981478728e+02
1.166829741515444709e+02
1.157361393937338221e+02
1.164365132749095437e+02
1.169103355933272894e+02
1.167173801004207405e+02
1.173114338373840866e+02
1.207110417063925922e+02
1.220505246916884232e+02
1.221596354302501481e+02
1.238590230758867961e+02
1.243785026710931021e+02
1.261684501043862667e+02
1.263430297581912782e+02
1.282043189611633522e+02
1.310543005980954945e+02
1.310968208914213733e+02
1.293269602483720462e+02
1.296816939031681386e+02
1.271048353198660550e+02
1.274955596619730187e+02
1.247646517697432529e+02
1.238652481005326820e+02
1.226729860088077828e+02
1.224803515670454601e+02
1.207636913504286014e+02
1.201802927566263151e+02
1.206492062110894210e+02
1.211159568732514913e+02
1.210480042560056120e+02
1.218157660876392043e+02
1.215647765520029111e+02
1.236789000284579885e+02
1.234961542667891479e+02
1.248349775867396829e+02
1.249862022793128631e+02
1.234605733810870447e+02
1.241928706732246610e+02
1.257652867917507251e+02
1.255590319555549428e+02
1.233168552128750122e+02
1.220745971035495501e+02
1.216602137336274438e+02
1.214661890155642823e+02
1.225152608269119412e+02
1.223458429553420501e+02
1.224532354083406034e+02
1.228010986140780432e+02
1.236054763245460322e+02
1.240878315301541761e+02
1.232934691588554585e+02
1.226623968705820289e+02
1.235688722696341699e+02
1.236004924327227741e+02
1.233717803039611312e+02
1.230856363870685897e+02
1.232748405510637326e+02
1.225449021845748945e+02
1.225462425680115643e+02
1.236361828726633689e+02
1.225064827357527406e+02
1.231905641938707845e+02
1.241342661115290440e+02
1.250878738898183684e+02
1.254745742630225749e+02
1.267295595163884485e+02
1.285903705896960219e+02
1.284342040025771041e+02
1.291699479475736325e+02
1.300119268302850060e+02
1.298113405372729119e+02
1.295654173184757383e+02
1.292605595562838232e+02
1.303702717728876053e+02
1.302407445816095333e+02
1.315824671519826268e+02
1.330684501060183322e+02
1.336079170375749072e+02
1.334392326464077030e+02
1.330627549631080058e+02
1.306828062156168073e+02
1.318482387592888756e+02
1.298385587144823603e+02
1.278471141350066489e+02
1.280769920657215266e+02
1.269401739825091795e+02
1.265504157199500810e+02
1.261411167258561505e+02
1.237420406303757403e+02
1.221813081339626876e+02
1.231132295468698601e+02
1.240022355006486805e+02
1.253555504560736580e+02
1.235465857080439918e+02
1.232149489656983690e+02
1.231736943302960157e+02
1.234034290126992914e+02
1.245675835620709080e+02
1.245525769411578523e+02
1.265464918173140774e+02
1.255724250588920086e+02
1.262728044409176391e+02
1.287951346139566908e+02
1.283806544716741485e+02
1.281405193263071283e+02
1.302791316605501493e+02
1.314382639957708250e+02
1.325398878929246109e+02
1.337238121819203798e+02
1.340884076169880075e+02
1.338031677071550121e+02
1.333926810467651478e+02
1.329949257651985306e+02
1.329948400346168000e+02
1.308821687867533683e+02
1.295348894132581279e+02
1.302817647999056874e+02
1.342181952511013776e+02
1.353307109018466861e+02
1.373258928947679181e+02
1.377450245129548421e+02
1.401814087164022737e+02
1.420014973328677002e+02
1.443530617275242207e+02
1.457567324302731322e+02
1.478853194536741000e+02
1.486700935478608301e+02
1.500872171950330198e+02
1.509074930192525983e+02
1.509704808889395053e+02
1.494719607456247275e+02
1.494209386012844618e+02
1.502631884356600835e+02
1.512889588508801069e+02
1.518286450097066052e+02
1.513384168206335119e+02
1.549201132391612248e+02
1.549143292490575448e+02
1.539429548132460184e+02
1.540676364572856301e+02
1.558549508315981882e+02
1.570650130552035080e+02
1.587609467978796545e+02
1.583689808644695631e+02
1.572854473896529726e+02
1.567865702733298292e+02
1.567970194544598144e+02
1.575925924838686569e+02
1.560679681037026114e+02
1.558678125522928326e+02
1.572842493960859258e+02
1.586683440494826982e+02
1.582677897961504243e+02
1.577565159786990137e+02
1.595129682578760253e+02
1.594536908799713046e+02
1.596558328536659133e+02
1.618556966560747128e+02
1.632066013729773317e+02
1.631692535200382963e+02
1.648813344818520363e+02
1.659069516354201994e+02
1.674014155294380259e+02
1.663680286027767465e+02
1.672362481429773595e+02
