-2.703635058221645977e+02
-3.420969533233370612e+02
-3.828669180511848822e+02
-3.575125827762137760e+02
-3.254927144326524626e+02
-3.342076092598404102e+02
-3.370502747416134639e+02
-3.487059462377296768e+02
-3.628829063393287129e+02
-3.672333943415276849e+02
-3.776702891612965232e+02
-3.725526655459114522e+02
-3.553278386541778104e+02
-3.498422994354731372e+02
-3.468868626297406763e+02
-3.425343267631679396e+02
-3.400648748119622269e+02
-3.431203562566722098e+02
-3.245747755493201794e+02
-3.256534756834192308e+02
-3.277564494451679593e+02
-3.256567521636976039e+02
-3.246343665153095799e+02
-3.242352033271764071e+02
-3.265855573969182615e+02
-3.211263429055453571e+02
-3.185367425990243646e+02
-3.184798317156923417e+02
-3.119857220197744709e+02
-3.165698841830757146e+02
-3.156907961443498607e+02
-3.119865609335399199e+02
-3.026878338073940427e+02
-3.126506796980710874e+02
-3.104493099718042117e+02
-3.102035513486241598e+02
-3.072751506748888346e+02
-3.058578886747749834e+02
-3.006755208033432041e+02
-3.026584198548615063e+02
-3.069243671745335860e+02
-3.057359349954853087e+02
-3.032960569687692782e+02
-3.046694057274487477e+02
-3.060942570875248521e+02
-3.019333075402238933e+02
-2.998893015741136310e+02
-2.992333972222256193e+02
-2.983059720586837784e+02
-2.935084817897707694e+02
-2.933375904036022348e+02
-2.905918331352974064e+02
-2.838459918603921324e+02
-2.823545940139898107e+02
-2.791280575830792259e+02
-2.742565562189402044e+02
-2.697256647618900161e+02
-2.677435613457749923e+02
-2.617367580854118501e+02
-2.601273912885671962e+02
-2.532766344812349075e+02
-2.488523075383543244e+02
-2.471924188008928525e+02
-2.440674035216671030e+02
-2.397974392951822722e+02
-2.356419817965358163e+02
-2.342862622428610848e+02
-2.305189354277450207e+02
-2.264087362001285726e+02
-2.224684470675072703e+02
-2.184535308954006325e+02
-2.152453286329405273e+02
-2.114800967604866457e+02
-2.070867620673097065e+02
-2.039240864374742443e+02
-2.003862849226740366e+02
-1.979583826645373961e+02
-1.979853201646903074e+02
-1.944409080928052447e+02
-1.940757564658244974e+02
-1.919668915953370458e+02
-1.887181939281426253e+02
-1.854416690098035758e+02
-1.865160957401429584e+02
-1.840563523709831486e+02
-1.811169499555326468e+02
-1.790435740254043537e+02
-1.762039371656344997e+02
-1.737943824107315152e+02
-1.737729917333317928e+02
-1.735107835224216331e+02
-1.711290017627950419e+02
-1.709147277352946901e+02
-1.699112428726918154e+02
-1.673393017118294779e+02
-1.666341241917206446e+02
-1.637925464278292793e+02
-1.622900084513950958e+02
-1.614335649337220389e+02
-1.588737598291085362e+02
-1.558200493621066300e+02
-1.507583024501120974e+02
-1.451104332434352955e+02
-1.415259079983451329e+02
-1.416054934013408797e+02
-1.367855884527806154e+02
-1.341626612707724746e+02
-1.310273495641247621e+02
-1.272781974076094116e+02
-1.230787523798698544e+02
-1.172252143043792216e+02
-1.153418730903888587e+02
-1.162701172150979403e+02
-1.150669470494129882e+02
-1.143791745646439324e+02
-1.125176506112766077e+02
-1.101557806430477342e+02
-1.055557096895241358e+02
-1.066814339261443081e+02
-1.040359757626862063e+02
-9.917582345439689107e+01
-9.511238693625787732e+01
-9.137995224198567712e+01
-8.896841048381240569e+01
-8.531343627959132903e+01
-8.419178090683425353e+01
-8.108896661681474427e+01
-7.762314535407473670e+01
-7.601950255176886628e+01
-7.328826563012597717e+01
-6.938515038147237135e+01
-6.605637126004835125e+01
-6.567299138229518007e+01
-5.795164729781409108e+01
-5.471859939156429675e+01
-5.105213221129997692e+01
-4.744039886147768925e+01
-4.567354710059738210e+01
-4.376546399355650152e+01
-3.854154820075327592e+01
-3.227149329846666603e+01
-2.846406045409672814e+01
-2.663080023331534818e+01
-2.129888849075197754e+01
-1.625840580519092526e+01
-1.594620357670458333e+01
-1.526653043820715538e+01
-1.168489939277562861e+01
-7.907829891224140262e+00
-6.079137912106827635e+00
-2.806152435607480289e+00
2.617719664509871591e-01
2.985619155650233725e-01
3.296620496665865208e+00
5.655471813124332670e+00
5.200366947286591213e+00
7.097512243708957946e+00
7.932251028482520283e+00
5.548376607753084500e+00
8.850280659678736228e+00
8.784808492534420310e+00
1.028360533136226174e+01
1.289831629616574382e+01
1.456862087483413681e+01
1.315214398857290945e+01
1.315307599330385280e+01
1.453845269262383866e+01
1.563309770875085825e+01
1.441850902673565393e+01
1.463896518111840273e+01
1.370653193969443251e+01
1.513206110502728485e+01
1.612901803390881383e+01
1.620120790126535582e+01
1.690505631667021902e+01
1.635683301162664094e+01
1.791901228941158308e+01
2.130231897101362293e+01
2.155519343715992520e+01
2.110775540226902081e+01
1.918597549978341377e+01
2.001894056217750872e+01
2.021149465445128612e+01
2.061524926717434170e+01
1.943765274436518098e+01
2.010797907348182179e+01
2.109953680294243483e+01
2.211481092526141268e+01
2.327345815631317194e+01
2.624455335250518928e+01
2.885115267070960243e+01
2.691687024745300150e+01
2.985951607629905524e+01
3.104232108884479757e+01
3.150200717209503765e+01
3.088431500924030715e+01
3.066874688212201505e+01
3.280460113801438382e+01
3.509701216253191802e+01
3.497280760557477208e+01
3.604194067636439769e+01
3.610964814794915867e+01
3.617077645222221349e+01
3.626774524464816807e+01
4.002530616439278788e+01
4.036056386709314125e+01
4.225682211127544008e+01
4.525529682727304248e+01
4.811184964610041703e+01
4.794398681696790732e+01
4.816902126015485663e+01
5.062333564893658888e+01
5.444120047336902957e+01
5.745392486032855572e+01
6.119717121209205857e+01
6.351053106941630233e+01
6.553759215964379337e+01
6.498712196824703824e+01
6.713741063822502042e+01
6.959896702773291111e+01
7.014078494227688054e+01
6.736322064753743177e+01
6.375735941537953266e+01
6.272573928251684094e+01
6.409861785840045911e+01
6.597065656444713966e+01
6.394746769842388545e+01
6.114443243071857381e+01
6.240040055045017908e+01
6.600911291816785820e+01
6.685656838896298382e+01
6.722349588733550263e+01
6.808461826622422564e+01
6.820726574809387444e+01
6.741096234940978604e+01
6.813021086869443366e+01
6.783421773924401066e+01
7.007186921025417803e+01
7.106073048208887144e+01
7.082285798248889819e+01
7.053970899178416687e+01
7.083568666487809651e+01
7.253488009962079275e+01
7.252425686281171124e+01
7.224597708022778875e+01
7.455081775150236467e+01
7.770849954371621493e+01
7.829065473061656633e+01
7.817701074422190288e+01
7.840161659064926880e+01
7.935173258130134855e+01
7.935319123102857475e+01
7.981893020655887483e+01
8.045680579715345004e+01
8.020547659489116654e+01
8.257462900855755095e+01
8.246622403564464321e+01
8.459561014245927879e+01
8.773655101000888124e+01
8.758141221065952209e+01
8.808165969068399193e+01
8.808259051275119589e+01
8.809635611437587954e+01
8.829505877466070274e+01
9.087892648883408242e+01
9.188388019581334731e+01
9.358770951232632740e+01
9.412223576636424127e+01
9.670063975723223848e+01
9.791976593696394104e+01
9.991751077515175439e+01
9.975019743860035248e+01
9.939028029708886436e+01
1.002452036347710447e+02
1.007996865568393190e+02
1.026377126982245613e+02
1.027341958270517353e+02
1.027914403987524707e+02
1.032562566770811827e+02
1.068503971229628746e+02
1.104972227144206585e+02
1.107131410253121260e+02
1.123589394810788491e+02
1.160866814664671836e+02
1.188857133644171853e+02
1.196450365640616411e+02
1.205128141020435777e+02
1.205447248501973974e+02
1.206694988072562467e+02
1.206672438204389834e+02
1.207756341241224192e+02
1.238156207768790580e+02
1.237716559792109763e+02
1.242559978383837489e+02
1.247655202320177494e+02
1.276993617147318218e+02
1.281317535275631485e+02
1.276633272115426365e+02
1.273396863237796595e+02
1.284849561143078347e+02
1.287915959302794136e+02
1.295848602710068462e+02
1.301602992377462726e+02
1.306448287938467843e+02
1.302226374051019491e+02
1.307591517874611498e+02
1.314156903258784155e+02
1.312791770584190090e+02
1.307432873654929892e+02
1.328458262183010561e+02
1.322319988474946513e+02
1.324296450204070368e+02
1.323575874170952602e+02
1.324214069018356668e+02
1.323243705411155418e+02
1.320115920444980588e+02
1.322705845005638139e+02
1.336762338847987905e+02
1.352263705626592412e+02
1.350667124777515937e+02
1.348790473610619074e+02
1.372959873419885355e+02
1.416363300842699857e+02
1.449963666076473885e+02
1.449344492290412632e+02
1.453733072188619815e+02
1.477947364055507080e+02
1.485186879893789182e+02
1.477066716884753248e+02
1.471578215703105457e+02
1.479937803204028626e+02
1.478097982055227533e+02
1.480949393157196425e+02
1.478850032705954618e+02
1.494506029285373643e+02
1.496187770772405656e+02
1.487717491991301415e+02
1.487670474421860547e+02
1.484718036018875011e+02
1.500903278849667686e+02
1.503081619268613451e+02
1.500105717362575888e+02
1.496950103432434673e+02
1.508257150478476660e+02
1.504212508356764602e+02
1.491377702612092833e+02
1.486670120411481832e+02
1.489642287240375254e+02
1.495091882585283543e+02
1.491462609762819511e+02
1.467769483875371463e+02
1.466284313838149558e+02
1.460111158675410081e+02
1.469481835550069206e+02
1.470203980209128360e+02
1.471561929085625877e+02
1.450708116026751213e+02
1.448451486185070394e+02
1.439778183583843827e+02
1.450404245647520725e+02
1.456175860204672574e+02
1.447464682807995473e+02
1.416547809424099569e+02
1.398053658450765511e+02
1.385060159083495535e+02
1.385585284851415508e+02
1.383877600051380057e+02
1.379106621984835783e+02
1.369170142806920580e+02
1.355085175987886430e+02
1.355987103430553589e+02
1.350317619222951464e+02
1.353653266435781859e+02
1.347103782120820199e+02
1.345309793072349862e+02
1.339724488125153812e+02
1.342837621469267901e+02
1.338155838355939977e+02
1.339419605764131802e+02
1.338236224469947615e+02
1.334772090785961609e+02
1.331076460614556822e+02
1.320385890862118856e+02
1.320193839961214621e+02
1.312206684137380535e+02
1.302169816675944105e+02
1.298382586179077123e+02
1.296747415368593010e+02
1.289419818602225121e+02
1.288411004239765987e+02
1.287039489978635061e+02
1.288153434208177543e+02
1.299755329326702338e+02
1.298339296222193298e+02
1.295640202946296711e+02
1.306793551075214737e+02
1.308961236529006840e+02
1.309549548843799585e+02
1.313135977447007008e+02
1.306545111295863251e+02
1.307208376183415623e+02
1.312957444494705044e+02
1.325162138803724758e+02
1.327186527287821889e+02
1.313326708480957734e+02
1.310747688977724295e+02
1.305564991352318316e+02
1.314904548397773283e+02
1.315031560635897563e+02
1.301800369225254599e+02
1.311015533670439481e+02
1.322766111151661335e+02
1.329525842778490983e+02
1.332375170488087406e+02
1.345670981100216750e+02
1.360504416175115523e+02
1.355881270097920321e+02
1.367138187547929249e+02
1.353076611093143242e+02
1.353613359966567771e+02
1.357814433733828139e+02
1.373336231718239446e+02
1.382984271304334243e+02
1.391416600179794614e+02
1.394941730960879624e+02
1.395535560315946100e+02
1.409708606254168330e+02
1.429983453375822648e+02
1.449544000234889722e+02
1.465847937267173222e+02
1.454561841849048562e+02
1.456160782647921224e+02
1.456689202091710058e+02
1.452602381716525883e+02
1.465455545732096709e+02
1.459235495028362379e+02
1.479536405122432825e+02
1.490722963704756978e+02
1.493081708171342825e+02
1.491834409103936423e+02
1.481054174311238398e+02
1.491087933109878350e+02
1.504653356885020230e+02
1.502673836683187574e+02
1.521864009909090498e+02
1.533207433741584964e+02
1.523466692982348434e+02
1.512114948630482729e+02
1.508784197038688433e+02
1.525948073876998592e+02
1.543505072138587195e+02
1.537902202667726783e+02
1.547758622898992087e+02
1.527137085928264355e+02
1.540290489640190117e+02
1.549291626156169173e+02
1.561835249195575557e+02
1.569239855844226668e+02
1.577677439549276528e+02
1.576559002501364262e+02
1.577053221623813499e+02
1.597547395501527205e+02
1.634507534859346265e+02
1.644212329003447053e+02
1.668997351810481860e+02
1.684955361488417225e+02
1.683311400506971722e+02
1.695911963685512376e+02
1.715543189241315929e+02
1.737920577561407356e+02
1.745691717945773860e+02
1.752873748662852051e+02
1.761330548960484066e+02
1.757968226678558494e+02
1.770694291312456414e+02
1.770325020915842060e+02
1.765343407667545534e+02
1.770384923452147348e+02
1.769192123616457195e+02
1.771314879789888437e+02
1.761386115212265508e+02
1.770909654146743435e+02
1.764119555339615317e+02
1.774786495440546901e+02
1.794699760191319626e+02
1.812819318167697702e+02
1.804937287936153325e+02
1.790674330480558751e+02
1.769865350194012592e+02
1.766094693737713612e+02
1.753298969845386353e+02
1.736695984023365611e+02
1.735357410306200450e+02
1.722526412078143494e+02
1.730485057049913280e+02
1.735112728467880743e+02
1.732708009817644381e+02
1.728956774197334880e+02
1.711255120978906916e+02
1.729028302314002303e+02
