-2.360142428540049764e+02
-3.194249186543175369e+02
-3.458820412917350495e+02
-3.266879335177001735e+02
-3.045197995053991349e+02
-3.178690014047982118e+02
-3.028859232588062582e+02
-2.976794278848740305e+02
-3.374424006988912765e+02
-3.212064033932949769e+02
-3.218969563839804096e+02
-3.229831915173853645e+02
-3.116303299438110912e+02
-3.134363415822123216e+02
-3.142180683345078478e+02
-3.150474380122236653e+02
-3.130198136547425065e+02
-3.122732556240134159e+02
-3.006349534490989868e+02
-2.949762783550553991e+02
-2.929171666191303416e+02
-2.956215431539172869e+02
-2.920096937635357222e+02
-3.028532431989242468e+02
-3.051097463475209679e+02
-3.041226272529243602e+02
-3.004340752471097744e+02
-2.977180456234151507e+02
-3.019110295685982237e+02
-3.008975111723376585e+02
-3.031004195945726565e+02
-3.007311147361849066e+02
-3.049277407617511813e+02
-3.041492142440988573e+02
-3.052979759071335479e+02
-3.026127781334242854e+02
-3.047584944092765227e+02
-2.971670245294752704e+02
-2.988578066581055168e+02
-2.972594435273391582e+02
-2.916441518527482231e+02
-2.931569745842494399e+02
-2.932793734241469679e+02
-2.885457669324620156e+02
-2.884610370421399352e+02
-2.793560714291264162e+02
-2.797762486199096656e+02
-2.814903902876826578e+02
-2.782980757500599793e+02
-2.772454635411256731e+02
-2.763303655688868616e+02
-2.761924148104097299e+02
-2.761865706035586072e+02
-2.749460187469646826e+02
-2.742531349410406847e+02
-2.704354435594796655e+02
-2.651946837937996975e+02
-2.598476893278369744e+02
-2.551871415449779477e+02
-2.555726154143759175e+02
-2.509083863559897623e+02
-2.514557249840494819e+02
-2.481329835676622508e+02
-2.441583825470414126e+02
-2.408942646358647437e+02
-2.366865857720223687e+02
-2.318018698340944468e+02
-2.301369394592682625e+02
-2.254617555580394992e+02
-2.240170984690581122e+02
-2.247394780777065080e+02
-2.233703490006274990e+02
-2.211803108387076975e+02
-2.174277092052114142e+02
-2.163264276013214555e+02
-2.164303249435374426e+02
-2.160830679168166171e+02
-2.124911082281635686e+02
-2.106915081579903983e+02
-2.072813701224185365e+02
-2.068487016502899962e+02
-2.036066832519489651e+02
-2.031024411441476900e+02
-2.015718522166519051e+02
-1.977692191633192920e+02
-1.960195340430220199e+02
-1.949093379533372854e+02
-1.929880786086670810e+02
-1.923423992041413726e+02
-1.913188544620861649e+02
-1.898006030132545447e+02
-1.881089027924312234e+02
-1.857212944344670689e+02
-1.846686305006276996e+02
-1.835473688956137437e+02
-1.823030662525199261e+02
-1.796737581418080367e+02
-1.765091808893963901e+02
-1.757593984355708869e+02
-1.755593973097763865e+02
-1.742741147284506269e+02
-1.714030359407661024e+02
-1.681169115602263560e+02
-1.654459291119379714e+02
-1.634605823935245326e+02
-1.603809938884806741e+02
-1.593376029955820741e+02
-1.576235019694189532e+02
-1.529876021532083428e+02
-1.509375831818803704e+02
-1.469320518939446742e+02
-1.446499784024922803e+02
-1.439120618609821065e+02
-1.404580547382014686e+02
-1.371040538821403061e+02
-1.332629471779069377e+02
-1.315808915989860850e+02
-1.294923594147175834e+02
-1.297295657792730310e+02
-1.284187768602272115e+02
-1.266117561169819226e+02
-1.221683848907689196e+02
-1.194416378720842431e+02
-1.133325845403760610e+02
-1.090708176677000836e+02
-1.052696546789037484e+02
-1.024419863778264670e+02
-1.014130202184608720e+02
-9.689674020908724117e+01
-9.325631928576112273e+01
-8.875482656217717192e+01
-8.647191430332206608e+01
-8.124162012717616221e+01
-7.787446671644828200e+01
-7.436267049146744057e+01
-7.134209722121569541e+01
-6.880392253377303291e+01
-6.816741267666158421e+01
-6.382051841189782948e+01
-6.113946040353079070e+01
-5.909739368191809206e+01
-5.469600554575380613e+01
-5.389428538300661131e+01
-5.231270794147778957e+01
-4.880140496894121327e+01
-4.883294742743652250e+01
-4.477598292335311214e+01
-3.999063488645480646e+01
-3.781322742604441345e+01
-3.527123488561308307e+01
-3.193945582912784076e+01
-2.865644012913676875e+01
-2.525148579737361132e+01
-2.169014511625405106e+01
-1.782916708828731700e+01
-1.648288924099559694e+01
-1.764212885815227239e+01
-1.674705426106344319e+01
-1.563669498729668028e+01
-1.191295326475482597e+01
-1.133886723156908438e+01
-7.577046561213438558e+00
-5.884968528626457918e+00
-7.133225569125208665e+00
-5.591687964070646721e+00
-4.958890840295619995e+00
-5.419762169665355955e+00
-3.162347791129704877e+00
-2.865932068249063658e+00
-9.433914039100413929e-01
3.050904474218800733e+00
4.850265075229887479e+00
6.205803244736642910e+00
6.242554303792161363e+00
8.435997541739258310e+00
1.115314660637612221e+01
1.442231413360648418e+01
1.449719915560962669e+01
1.602407381212702120e+01
1.573102773713933900e+01
1.770996822792243819e+01
1.753966549047379075e+01
1.809681297335610139e+01
1.942515152597194117e+01
1.796533290194382460e+01
1.899804432037165114e+01
2.032442671719946858e+01
1.943498633618681737e+01
2.122777325056354059e+01
2.308107405876372553e+01
2.252155244272055512e+01
2.380961847855320812e+01
2.496500255406312263e+01
2.460541875666941891e+01
2.666546472679886293e+01
2.535271237393862975e+01
2.356876020786863180e+01
2.342108954274807786e+01
2.599285564450813979e+01
2.832876545916916555e+01
3.026939789852227491e+01
3.272329720946933662e+01
3.427708158598419885e+01
3.555122584785048900e+01
3.550826070346346341e+01
3.643196331482154449e+01
3.772038739264970530e+01
3.983845490200668138e+01
4.181705269244694279e+01
4.280045821682707441e+01
4.345093436470710913e+01
4.554394658349480807e+01
4.547697876318744648e+01
4.643584174234580786e+01
4.452223078838046888e+01
4.413051335336723469e+01
4.687591554177785724e+01
4.670272809171634520e+01
4.752833943025680696e+01
4.806215502172953791e+01
4.823951091235920785e+01
4.730869479161794544e+01
4.806604992620432881e+01
4.784610843396288971e+01
4.879503138076291435e+01
4.878122608121832826e+01
4.610510135953363431e+01
4.864784965111899595e+01
4.937256716561128655e+01
4.695037378246190229e+01
4.705723001058885302e+01
4.812094605721713236e+01
4.599228889150825950e+01
4.666359903276257626e+01
4.652860610342551695e+01
4.557397835229309635e+01
4.805350356072367646e+01
4.851206914362376921e+01
4.954230434644448877e+01
5.001597448208323016e+01
5.023483263578862790e+01
5.110934597056706252e+01
5.320504375005671704e+01
5.366341698444652764e+01
5.346248943360333072e+01
5.224120431510881701e+01
5.200360883303616077e+01
5.250860066029421347e+01
5.156664275719124646e+01
5.210680615123533954e+01
5.221988478824892610e+01
5.334212328900733979e+01
5.291542780912391919e+01
5.261030611272703794e+01
5.150519484267901049e+01
5.139168420711985164e+01
5.309467539838809103e+01
5.249706113243752981e+01
5.140302287579263663e+01
5.205508568995004026e+01
5.165569778268653778e+01
5.257439543409758897e+01
5.300598622241944469e+01
5.562788828213888337e+01
5.373036290695101513e+01
5.439271978221652404e+01
5.572107053435663460e+01
5.573534683201449980e+01
5.393867587868723490e+01
5.383869430967992997e+01
5.431070933207924156e+01
5.403105341281057861e+01
5.483787209734766321e+01
5.568473176331483643e+01
5.576637771758935713e+01
5.592987822728202474e+01
5.592772131987583606e+01
5.531072552521667518e+01
5.651516822460397549e+01
5.717426898563853399e+01
5.674028312746573732e+01
5.806331744622357149e+01
6.063470329078604948e+01
6.180220039733554671e+01
6.311876164314051607e+01
6.305219604731318839e+01
6.366283783071516211e+01
6.661697059222629491e+01
6.767563292530070385e+01
6.850336258948100010e+01
7.026738768096666377e+01
7.039390031184068164e+01
7.073637468182549526e+01
7.351376415611572668e+01
7.214709143192131080e+01
7.576709046393023073e+01
7.855886015649885223e+01
7.803865107715186866e+01
7.802257504163075907e+01
7.852529088768133647e+01
7.900129851336737374e+01
7.896893505709698502e+01
7.943744285247744585e+01
7.974180576959358291e+01
7.950325932228709291e+01
8.089422329766283326e+01
8.156618726712105172e+01
8.226350527839821325e+01
8.414577846212223733e+01
8.439071198453575562e+01
8.462589051102375493e+01
8.513090577801925463e+01
8.817604985206712342e+01
8.829479729139529809e+01
9.091904902357491380e+01
9.147927864540460519e+01
9.073242202429975123e+01
9.279431806920449333e+01
9.459154018125556718e+01
9.665106142463174876e+01
9.855428349757720241e+01
1.004049970947568511e+02
9.987941319289362241e+01
9.977278346928383712e+01
9.953080034922675168e+01
9.959943079627849727e+01
1.028573542139696144e+02
1.029958304423917781e+02
1.027803843718911736e+02
1.054032081862838766e+02
1.064621670834602014e+02
1.059504055538314304e+02
1.087611320074463066e+02
1.067903189799759787e+02
1.082374241009974156e+02
1.097457151155465311e+02
1.106678552135229552e+02
1.109163039355991742e+02
1.101474841469731132e+02
1.111547985011629862e+02
1.106870818139629478e+02
1.102558157215155887e+02
1.119075402014063769e+02
1.123474201968859347e+02
1.130264209935107118e+02
1.133829881105585997e+02
1.130976550493057289e+02
1.125720881592580014e+02
1.135214064549072503e+02
1.137878419700073778e+02
1.136001673320397316e+02
1.129571756707183567e+02
1.140794625024193891e+02
1.142571580630364565e+02
1.152684655753167675e+02
1.159078956811817847e+02
1.164379265029979820e+02
1.172391555641662819e+02
1.184805509496607385e+02
1.179240147347525607e+02
1.200434751955765762e+02
1.194319478005155304e+02
1.183047533950976486e+02
1.179307331976994533e+02
1.197531978548030196e+02
1.192769698160625751e+02
1.189213718432150415e+02
1.194282678560609412e+02
1.213538834094134415e+02
1.223582852358173056e+02
1.220728458134913694e+02
1.230341166158458464e+02
1.227576361024909914e+02
1.225011469520545120e+02
1.228853564894956776e+02
1.233222883482134193e+02
1.228998112699744638e+02
1.243419730564586274e+02
1.242435107929650115e+02
1.242774949619786327e+02
1.256900173024962299e+02
1.251462964737474834e+02
1.252034132162492028e+02
1.243234835004236203e+02
1.251491233609281863e+02
1.274260274154637074e+02
1.277878725723200120e+02
1.271870683949769756e+02
1.267833038589249952e+02
1.262951274601680893e+02
1.266117650129502863e+02
1.264854587391638603e+02
1.256265267647239483e+02
1.252517084880740157e+02
1.262627674453317610e+02
1.273458310222563767e+02
1.267258867560155409e+02
1.290254720718210706e+02
1.300243067046873762e+02
1.298941664154207558e+02
1.304219778435718808e+02
1.292282552004917591e+02
1.304751730520878539e+02
1.302358431588742178e+02
1.317433639454254148e+02
1.313131851303224948e+02
1.314573023402464855e+02
1.306600081816609418e+02
1.302629383112405037e+02
1.313143508947242424e+02
1.312786599990484717e+02
1.305144445285415600e+02
1.303869634795784123e+02
1.297588694639205755e+02
1.291596018633729557e+02
1.298465774319156765e+02
1.291871391855789000e+02
1.307705649304849089e+02
1.318397318172871451e+02
1.308500790392606916e+02
1.313571109965542689e+02
1.307347053979705152e+02
1.315771225933765152e+02
1.321689692801019191e+02
1.325613323311773399e+02
1.328983177494553445e+02
1.330313886619843515e+02
1.347078288987825090e+02
1.369480375570249748e+02
1.384412986450959977e+02
1.370030550874998596e+02
1.389410644740665930e+02
1.403855050086496874e+02
1.429189291574170113e+02
1.430442873621847752e+02
1.429484983667691722e+02
1.438329285292942075e+02
1.439430576972474114e+02
1.441920720342054665e+02
1.451154496920003965e+02
1.442464506799898061e+02
1.436282225009984188e+02
1.450563247734814354e+02
1.458777175422984556e+02
1.457918889282200610e+02
1.454177058396561790e+02
1.472936315622915799e+02
1.463653107853884592e+02
1.472356753106139990e+02
1.475028995904193891e+02
1.475241619665951589e+02
1.478797667035670145e+02
1.464219470709304574e+02
1.475700904028018670e+02
1.468295778415871382e+02
1.484125177327891265e+02
1.482294535292450064e+02
1.494636181465292282e+02
1.509964912914634283e+02
1.527637880432726831e+02
1.526480184693268995e+02
1.539955212410927174e+02
1.558891328772951965e+02
1.569263733910116514e+02
1.557667912624524149e+02
1.572704609172822927e+02
1.582288459403879699e+02
1.582992737648297066e+02
1.585933182471866303e+02
1.585433975907006356e+02
1.602485174470569973e+02
1.578829668076600967e+02
1.579312835718311590e+02
1.594364844369254683e+02
1.583117420128936885e+02
1.601259533571043505e+02
1.617057322914870667e+02
1.627192467007957646e+02
1.617120851995888984e+02
1.624334553969092951e+02
1.629279691522322651e+02
1.642977220762248578e+02
1.655961942459580314e+02
1.675147851743874412e+02
1.679227929084199786e+02
1.661740335816374454e+02
1.661880756767148739e+02
1.675319363673259829e+02
1.679005246052041684e+02
1.693733944006038428e+02
1.713667454404607327e+02
1.717088056428806055e+02
1.708870814158907763e+02
1.713486747505869801e+02
1.706043347193091222e+02
1.677810100445881005e+02
1.678221194248350798e+02
1.663053478865670058e+02
1.665101731788386985e+02
1.664563514514581755e+02
