-5.198535944220546412e+01
-2.346629212587747588e+02
-1.862513838730490932e+02
-1.875431039335731498e+02
-2.202489822686942773e+02
-1.952911853623130867e+02
-2.297457883047391078e+02
-2.610658477875737162e+02
-2.544592769056974930e+02
-2.663259481255419132e+02
-2.895874714564086503e+02
-2.694917425734375911e+02
-2.678310611445094196e+02
-2.514620600443605838e+02
-2.411297517346706343e+02
-2.621032639774713289e+02
-2.538104375397780927e+02
-2.456218487667096610e+02
-2.566914238982529923e+02
-2.677103326710977171e+02
-2.620222497705939304e+02
-2.716581951978748748e+02
-2.786355763649302162e+02
-2.711874139097545253e+02
-2.685895387241721437e+02
-2.724051192596344322e+02
-2.701758768645461259e+02
-2.681061064532586329e+02
-2.644076501057717223e+02
-2.691432651930691691e+02
-2.641689282767991358e+02
-2.655953780973057405e+02
-2.569804601413429168e+02
-2.550321414983397119e+02
-2.578658417668054312e+02
-2.573456865799015532e+02
-2.592131831896443259e+02
-2.544679408365524296e+02
-2.495801537480345758e+02
-2.460046565659309579e+02
-2.447587883411776204e+02
-2.419427003773488707e+02
-2.340631724584841038e+02
-2.272061082808072570e+02
-2.279148114657326687e+02
-2.340409972310300191e+02
-2.316130093654891766e+02
-2.342687065195903244e+02
-2.344529624772963814e+02
-2.286146010619127935e+02
-2.277436157695221937e+02
-2.233197374218268294e+02
-2.182290854201378352e+02
-2.192041210590961953e+02
-2.195879165607337598e+02
-2.225976547645717289e+02
-2.216118905162799138e+02
-2.170277359053802115e+02
-2.111733516303804379e+02
-2.058342970895295139e+02
-2.016522678709248453e+02
-1.984387306563854452e+02
-1.951380017374105762e+02
-1.915989822965585745e+02
-1.889693131534977795e+02
-1.888763078955024639e+02
-1.845451992102802308e+02
-1.861579131333839143e+02
-1.832810741747793486e+02
-1.810367473480257843e+02
-1.767463559894750063e+02
-1.750934675427397735e+02
-1.723296948583190442e+02
-1.726486424872055920e+02
-1.707665317063954262e+02
-1.689410059050286463e+02
-1.660803367730147784e+02
-1.641428067090079423e+02
-1.629244366074134689e+02
-1.605241403617646370e+02
-1.582049238979041661e+02
-1.543907353388710249e+02
-1.532822853502045177e+02
-1.500679765125648544e+02
-1.472535103760755533e+02
-1.466357773848323518e+02
-1.450475890574595041e+02
-1.425712390875562221e+02
-1.400097681924584663e+02
-1.392115453363240078e+02
-1.367622156657297410e+02
-1.342438357785822802e+02
-1.324298937039055204e+02
-1.308257091732392610e+02
-1.288649493053962658e+02
-1.265701540478872857e+02
-1.238738768988434629e+02
-1.235690396870749765e+02
-1.239685682815656804e+02
-1.222526450462929688e+02
-1.211167801334399172e+02
-1.160414408243529891e+02
-1.166102499759616506e+02
-1.162416619049744924e+02
-1.116790702207877075e+02
-1.098955868921208037e+02
-1.069399140955908649e+02
-1.009149769567776076e+02
-1.003313151506403784e+02
-9.814767207524158721e+01
-9.371067184144504836e+01
-9.445282031136689227e+01
-9.149339359875500577e+01
-9.255611507506475277e+01
-9.252536359946317646e+01
-8.563123618602368481e+01
-8.367080439941123871e+01
-8.314045261134000953e+01
-7.725591720695184961e+01
-7.307737672391847639e+01
-7.224006916354899488e+01
-6.657580127132190739e+01
-6.469753964346078590e+01
-6.491554414175330123e+01
-6.214102902159995523e+01
-5.775553043647786922e+01
-5.620275925179744547e+01
-5.353837862975772310e+01
-5.158538142820328432e+01
-4.852903376697485527e+01
-4.614373877857065764e+01
-4.203335650385870537e+01
-4.097551878756880228e+01
-4.015739156559420309e+01
-3.542783222232560547e+01
-3.142867341175485763e+01
-2.842960935981165704e+01
-2.835973447897302790e+01
-2.680997876037805838e+01
-2.484379655724415770e+01
-2.384243900626253776e+01
-2.172995180053932174e+01
-2.175389987568441796e+01
-2.176403755494119707e+01
-1.795166301994699509e+01
-1.160426811101641142e+01
-8.937163063058052970e+00
-3.756355014404730408e+00
1.867817930793597703e-01
1.157900227728143605e+00
4.231106640580835965e+00
5.036990836699942520e+00
3.901314511772720817e+00
7.752979607578799559e+00
9.202624207740850437e+00
1.222831360461914585e+01
1.507166536101167154e+01
1.584110589191862317e+01
1.395648436485356392e+01
1.359962349261311410e+01
1.453917711400363721e+01
1.436110850457203902e+01
1.499338879242019651e+01
1.625609127713758895e+01
1.595437829444118449e+01
1.762378262422346253e+01
1.800495102156954985e+01
2.083646333588881916e+01
1.900380835535856150e+01
1.960127983544801111e+01
1.928705936074668514e+01
1.939853148718825793e+01
1.840988161169732251e+01
1.975222534620641568e+01
2.135542300987034992e+01
2.142597968688401622e+01
2.165938695781848011e+01
2.259910370448130834e+01
2.307946072650010194e+01
2.384956359610893628e+01
2.425703818877893880e+01
2.302097374676609931e+01
2.258597998170237631e+01
2.268870116834882111e+01
2.280197960096224108e+01
2.494250037040009715e+01
2.574507096834838649e+01
2.647524117502969432e+01
2.763002797474900163e+01
2.811868910206405303e+01
2.820940623155131277e+01
2.827860887751308994e+01
2.916716722879954915e+01
2.990926381678142221e+01
3.040197035321902064e+01
3.017987349684680254e+01
2.900172839103010958e+01
3.115087218151690962e+01
3.412281282592596199e+01
3.326124165958184875e+01
3.238358825050195122e+01
3.228351302767882913e+01
3.458988391476661661e+01
3.542930072633095051e+01
3.519592453831062073e+01
3.559999030119046637e+01
3.848148739352345160e+01
3.843503650668515803e+01
4.104247176820790344e+01
4.439208478637143429e+01
4.645277525449071021e+01
4.750145236130293824e+01
4.829591123358259352e+01
5.121509463785432814e+01
5.319973483516741197e+01
5.348515710677855850e+01
5.403621738437563948e+01
5.573357177071445534e+01
5.256986890755793951e+01
5.428055723328233739e+01
5.432429227456079701e+01
5.356129816491970530e+01
5.677661481794490328e+01
5.924574913078229343e+01
6.014715554698719302e+01
6.052197114018479596e+01
6.239114383163849453e+01
6.312199254879357113e+01
6.430752683108015333e+01
6.650880033948135406e+01
6.685285105799556504e+01
6.741568722107963652e+01
6.737767129810225697e+01
6.945853465048989506e+01
7.002707187419260038e+01
6.796984515168510654e+01
6.918014480192915983e+01
7.085991465628057995e+01
7.162986948829370704e+01
6.880523522900006128e+01
6.864687007371419725e+01
6.815187968150630127e+01
6.800121496970560031e+01
6.831365134832030606e+01
6.854814967784906798e+01
6.792334724277138491e+01
6.725011004152523242e+01
6.677260039320566420e+01
6.627666489662884430e+01
6.326251046137442557e+01
6.342435328788067750e+01
6.400435457632573844e+01
6.559661468835902554e+01
6.507234230074973880e+01
6.746222947732601938e+01
6.979129437132715452e+01
6.878778682684874468e+01
6.863966425342330524e+01
6.954095522450312217e+01
6.982557840524518156e+01
6.968605462439080611e+01
7.063629053674328873e+01
7.126060492612164410e+01
7.123760452921278841e+01
7.329158522746510585e+01
7.437813838966850710e+01
7.339161803465772493e+01
7.529804377632011381e+01
7.659152319613822613e+01
7.753326901916990721e+01
7.679144786456700444e+01
7.910390577666127854e+01
8.078239715890194361e+01
8.251728011100773585e+01
8.286395346943727702e+01
8.501839436107553638e+01
8.561039727614905814e+01
8.344215838589661871e+01
8.393522139020362260e+01
8.398668136537069984e+01
8.460906057954817072e+01
8.539934961940761582e+01
8.834015200887887431e+01
8.667187135905156481e+01
8.742495245975176488e+01
8.729970188878718318e+01
8.799616729643710755e+01
8.829550229141949558e+01
8.833295361545987134e+01
8.909475641074519103e+01
8.968913320439924064e+01
9.048826652925632175e+01
8.990825811559334113e+01
9.107070935023030245e+01
9.096344799789727631e+01
9.211283195797386725e+01
9.484040858667327711e+01
9.557347741805828889e+01
9.564787053427281194e+01
9.836706397480905650e+01
1.000616159547355011e+02
1.011256499991807374e+02
1.030648076885108395e+02
1.050758450453103023e+02
1.062372526407643960e+02
1.063896719366251773e+02
1.066707372260482174e+02
1.073186711407831524e+02
1.081495105694052512e+02
1.077136556925763813e+02
1.081117401744753295e+02
1.094649278380147592e+02
1.112736984973095105e+02
1.110503611868090843e+02
1.114624002829563665e+02
1.117789015538375708e+02
1.122442579325766019e+02
1.130285198389406816e+02
1.161264461223843369e+02
1.165460425733759138e+02
1.190080243107996125e+02
1.187004808588092999e+02
1.195803720438655233e+02
1.202459819114773438e+02
1.200410977048445034e+02
1.175620443180608135e+02
1.179834575358941890e+02
1.184892457539408070e+02
1.185180542219185043e+02
1.189034035017915869e+02
1.183353703008471882e+02
1.186342976665282976e+02
1.185508850413540642e+02
1.202431255793540856e+02
1.196716564927452282e+02
1.213962510202238292e+02
1.216867314292740900e+02
1.220534646010629132e+02
1.232454572253282095e+02
1.270325116618096359e+02
1.288173281165210824e+02
1.300785922234524037e+02
1.305801092485837387e+02
1.283495835203501088e+02
1.287660780493364996e+02
1.300792426008306961e+02
1.303903190524492572e+02
1.303572838365328153e+02
1.309929962782433392e+02
1.314395068184455795e+02
1.281134654639545829e+02
1.280686164606252646e+02
1.296672214698155869e+02
1.298127439225176545e+02
1.284662243760461990e+02
1.289632726114392653e+02
1.307513925132720942e+02
1.309482362267095539e+02
1.323358539609774880e+02
1.328215188990479021e+02
1.317184471505204613e+02
1.339473940438604131e+02
1.341623204547358625e+02
1.339384799781583695e+02
1.339943647012271981e+02
1.357672732076756859e+02
1.382404728771038265e+02
1.379739906578949444e+02
1.384919136132317021e+02
1.377044675493775401e+02
1.400179551330946595e+02
1.392097614245397494e+02
1.351139807618781106e+02
1.368853610260441656e+02
1.370323018225733449e+02
1.367052214490926474e+02
1.383736641753563674e+02
1.411127628159172218e+02
1.407569444281984090e+02
1.425284510606072672e+02
1.410967148947945589e+02
1.416949215805842925e+02
1.415389660692959808e+02
1.449188741686301967e+02
1.445129643510987876e+02
1.463642215851715207e+02
1.477589541166373124e+02
1.474516566673933369e+02
1.464372177824008645e+02
1.472702124805013568e+02
1.476544387054482002e+02
1.471840594293088600e+02
1.481238834449601143e+02
1.478176541695820276e+02
1.487092791238315215e+02
1.495801062410165230e+02
1.492513441482352050e+02
1.501324802410784400e+02
1.503681637440662371e+02
1.495342317179145084e+02
1.498114810358823661e+02
1.491989019191832142e+02
1.488832686537748202e+02
1.489696438526197255e+02
1.494781550775464609e+02
1.502448166523135171e+02
1.509608349964871081e+02
1.516339836785572288e+02
1.508258995622775274e+02
1.508644087985678652e+02
1.506779812903452012e+02
1.522483541329822003e+02
1.519558065471718749e+02
1.534194437093580063e+02
1.547558759350001196e+02
1.545297360212639148e+02
1.538775223925685509e+02
1.533446845407105741e+02
1.545551787090663822e+02
1.557605339530274193e+02
1.564996143650235467e+02
1.590252615760214496e+02
1.577321846733935047e+02
1.585439576687024328e+02
1.597882737927357368e+02
1.626341343239841137e+02
1.625300803475271323e+02
1.634029100726031629e+02
1.649368562079316405e+02
1.661880166266679169e+02
1.668563248286443184e+02
1.676506704989257059e+02
1.679659609473511921e+02
1.665414045159316174e+02
1.682146156731557767e+02
1.695018203169315996e+02
1.711942724579253934e+02
1.725741964401971984e+02
1.724250553924572387e+02
1.733826196662863310e+02
1.740404979451355985e+02
1.749096817085691100e+02
1.752712506718594909e+02
1.782540511952641396e+02
1.794256756609989054e+02
1.800632823360328985e+02
1.810344828285843448e+02
1.828635086368044824e+02
1.840469197713890424e+02
1.864715784934884937e+02
1.899906919067053366e+02
1.913933807966573966e+02
1.903435487800423402e+02
1.901561447994377261e+02
1.901778952787352637e+02
1.896930840608793005e+02
1.903127882417678904e+02
1.918072806513183934e+02
1.918004633126478495e+02
1.918074330554050562e+02
1.919639924594363265e+02
1.902870844538233825e+02
1.870559545693796224e+02
1.882248342236935059e+02
1.867735126086654418e+02
1.868635958329429627e+02
1.810478796545252749e+02
1.820867452432914888e+02
1.846942819621056060e+02
1.868940911024496359e+02
1.854260036092991584e+02
1.860952242692972050e+02
1.919708555003828678e+02
1.888848394895088916e+02
1.871377148217583795e+02
1.870785955397954012e+02
1.839791939891664470e+02
1.840727957670061414e+02
1.866575064818891008e+02
1.864782500606145277e+02
1.892585097848124747e+02
1.893032106664399805e+02
1.899668472498002245e+02
1.875764598754614099e+02
1.889505887437540821e+02
1.886588548855660576e+02
1.859921158730567186e+02
1.825133810710860871e+02
1.819002930556037541e+02
1.795815189087107058e+02
1.804086307593432537e+02
1.808526845699202852e+02
1.791940286237806106e+02
1.799395421051094388e+02
1.795276482779036940e+02
1.792837472371655849e+02
1.770843054772666108e+02
1.764942695310715806e+02
1.730350847774992928e+02
1.736903683203091475e+02
