-3.998983343571347859e+02
-3.625171661494097748e+02
-3.539975910886582255e+02
-3.276903267883681679e+02
-3.099453643843874602e+02
-3.420440247420904143e+02
-3.034746277663065825e+02
-2.867573973674024614e+02
-2.698571165411406128e+02
-2.674139656058704873e+02
-2.535020910618348466e+02
-2.514850233292870882e+02
-2.555223071768084822e+02
-2.697916864229566727e+02
-2.762970210071255792e+02
-2.719039906393617230e+02
-2.737184178211048220e+02
-2.702603712568705419e+02
-2.704606950820427187e+02
-2.646481408307132597e+02
-2.577652507674839057e+02
-2.618410793633408389e+02
-2.537946252719282825e+02
-2.477225696517797360e+02
-2.483230653900813536e+02
-2.497250361309921232e+02
-2.442421494180204320e+02
-2.483994253722247265e+02
-2.472048193944264369e+02
-2.551481491078917543e+02
-2.528739909992412151e+02
-2.562020710584228027e+02
-2.599980397108294596e+02
-2.569476209215038125e+02
-2.535686750095454443e+02
-2.502597268065507876e+02
-2.595257938255219869e+02
-2.565492140765040858e+02
-2.586171407523646053e+02
-2.556931764042284954e+02
-2.537037101240133268e+02
-2.596681591820174617e+02
-2.534285721537578127e+02
-2.523471838593224561e+02
-2.521306298993021926e+02
-2.516476417935951702e+02
-2.534110130907805569e+02
-2.501208382985390415e+02
-2.435637362298901394e+02
-2.391366647713253428e+02
-2.360669625274777559e+02
-2.296897113052779957e+02
-2.241559314731682946e+02
-2.257192409776507418e+02
-2.279834761849018889e+02
-2.238380668921186896e+02
-2.188580487500382219e+02
-2.220546254120743015e+02
-2.183936886054413549e+02
-2.189496040475245877e+02
-2.157175999052746533e+02
-2.131865139341354904e+02
-2.101940644695660012e+02
-2.059186147670681635e+02
-2.016839952573319295e+02
-1.972507989157299733e+02
-1.938002987523640854e+02
-1.890795223357887664e+02
-1.856528950755328822e+02
-1.831183571762446434e+02
-1.802468871131495689e+02
-1.786993785949195228e+02
-1.740700851303725756e+02
-1.701539136960062706e+02
-1.667869284736433997e+02
-1.628913646287780352e+02
-1.595071649955557405e+02
-1.576599882518626430e+02
-1.539347190778250933e+02
-1.556068103314624125e+02
-1.518058322945308589e+02
-1.496414734896150094e+02
-1.468905654250472423e+02
-1.454950138988072013e+02
-1.432103394880358280e+02
-1.431774995636487517e+02
-1.411717813097254179e+02
-1.394078259984784438e+02
-1.372540766548757460e+02
-1.348720795967559241e+02
-1.325165489572457034e+02
-1.301155111680744483e+02
-1.286911009543304374e+02
-1.265778430065784477e+02
-1.252282124645905981e+02
-1.261929965955785491e+02
-1.237900729772939314e+02
-1.222611321398443209e+02
-1.213043586319903397e+02
-1.192490262597596171e+02
-1.139682790025620420e+02
-1.095126362943073985e+02
-1.052537987932957577e+02
-1.033624189892898784e+02
-1.002719214073743217e+02
-9.405959508008437808e+01
-9.304683999834175268e+01
-9.100423660461494535e+01
-8.968123265226044794e+01
-8.593366136307491843e+01
-8.430424679899104490e+01
-8.020641936213858969e+01
-7.680775201057777224e+01
-7.149926365791370131e+01
-6.881808695535140430e+01
-6.535875482784651069e+01
-6.310660714646942893e+01
-6.182055304174750177e+01
-5.849055022921054814e+01
-5.657670983268550913e+01
-5.386105213247058288e+01
-4.931410179465228083e+01
-4.774191759135884894e+01
-4.520194685195263418e+01
-4.146780338699989699e+01
-3.810334358786057862e+01
-3.534543040344098586e+01
-3.073428477223052013e+01
-2.741492079756708833e+01
-2.155962968570772631e+01
-1.813144004061923553e+01
-1.382515205833752425e+01
-8.696644550812756336e+00
-7.639247161839843869e+00
-5.846373824290085786e+00
-4.245511845375450122e+00
3.182761135499029059e+00
3.552517180795016216e+00
8.076684790610846321e+00
8.984179047091629400e+00
1.175761168757435904e+01
1.554203387373232026e+01
1.667399303072508587e+01
1.666926895258320585e+01
2.013796743695674252e+01
2.384468728540753091e+01
2.752474283625518581e+01
2.987841533940833827e+01
3.038290274077638387e+01
3.070401837362678776e+01
3.211859150612274760e+01
3.266050420203890070e+01
3.311487183748148766e+01
3.719473929831438852e+01
4.223428203315373963e+01
4.318345915098733911e+01
4.080524687404724915e+01
4.568602315195143149e+01
4.618230728332530077e+01
4.851430397293812291e+01
4.960410602884196152e+01
5.189958737638449549e+01
5.337128197683744446e+01
5.365039120184184895e+01
5.417515245327603424e+01
5.437328223478110800e+01
5.537599582467380088e+01
5.549857568975595967e+01
5.566000814166574173e+01
5.416210278202370887e+01
5.250049723696691473e+01
5.452636092556856084e+01
5.278065345657587670e+01
5.179148416659938192e+01
5.096190531580818828e+01
5.062197542230245517e+01
5.091956119521655921e+01
5.255629895244930339e+01
5.179472128743675796e+01
5.622678414891019827e+01
5.344058085933026803e+01
5.325447266513051403e+01
5.442799281911192111e+01
5.252880591646496100e+01
4.986922930887092065e+01
5.297160453778624856e+01
5.364675078865282387e+01
5.177457115849860969e+01
5.239836175208282754e+01
5.039377406277930049e+01
4.868192296218067128e+01
4.928638762393790529e+01
5.069125195843029275e+01
5.119873475236263971e+01
5.093197433329683577e+01
5.260105972139066921e+01
4.971528196228862839e+01
5.029564733738568094e+01
5.132382102359554921e+01
5.238591235118501288e+01
5.046073990346249616e+01
4.688525138064191111e+01
4.748415354674304467e+01
4.987792905597117965e+01
5.074452479137929117e+01
4.720003883437013315e+01
4.388158969210100935e+01
4.484199955944385607e+01
4.431787255148291393e+01
4.487639554520966101e+01
4.527428007927496623e+01
4.116663921062899334e+01
4.031329350777705400e+01
3.805627202079247695e+01
3.983624789902808772e+01
3.724016174584281202e+01
3.788412430808982378e+01
3.764662407406755307e+01
3.855885572222936730e+01
3.875202494276226162e+01
3.858316209863610879e+01
3.874656794632220880e+01
3.977545619551970901e+01
3.726059776810706836e+01
3.737795569819402175e+01
3.858333769482301534e+01
3.587336888285683045e+01
3.568357761886090174e+01
3.598017366557915864e+01
3.657054758897552205e+01
3.584997386409927600e+01
3.350412939639254262e+01
3.058383386602610088e+01
3.250812016674489513e+01
3.091767270790989031e+01
3.121919281777412891e+01
2.845546091879158368e+01
3.097407651839211695e+01
2.925258239588544384e+01
2.977403896959627261e+01
3.033563897241597118e+01
3.168024189633005250e+01
2.959829835014020460e+01
3.248151430313748023e+01
3.267883476240570673e+01
3.310379024421060734e+01
3.433004946470295948e+01
3.401706798408903865e+01
3.266846233678347033e+01
3.201763169625142069e+01
3.110337209627233435e+01
2.909164207743061681e+01
2.759790923912261817e+01
2.808843658204637350e+01
2.732788181049470211e+01
2.700954388034513443e+01
3.006288332691883269e+01
3.081044943072771858e+01
3.009927616356539204e+01
2.799136860091859802e+01
2.824471607784444416e+01
2.551420511320602458e+01
2.171517192354090042e+01
2.196152034141287857e+01
2.232716707689451496e+01
1.932723827145668949e+01
1.886904830932743948e+01
1.870969781965822420e+01
1.657399461925414386e+01
1.755677551606637721e+01
2.035516871490924018e+01
2.028344860564886432e+01
2.080674018942850623e+01
1.923997388265431141e+01
2.094831042364248219e+01
2.185796789532951578e+01
2.199154284383496005e+01
2.203997374856673730e+01
1.943294526179980863e+01
1.958617926637689521e+01
2.164377955676456722e+01
1.955070228077463312e+01
1.953282542937276389e+01
2.368249039327885797e+01
2.476169155577870384e+01
2.398823598545901703e+01
2.458623662629628726e+01
2.760109077233159880e+01
2.534283102520753062e+01
2.790704849088510286e+01
2.991076624124890770e+01
2.532775573982539896e+01
2.496635914697363035e+01
2.546544873378041274e+01
2.709871503449405239e+01
2.902481243653692644e+01
3.207932083294959824e+01
3.271583385046270109e+01
3.380239584110044149e+01
3.347028963723860784e+01
3.444095964520320763e+01
3.828837585891412942e+01
3.974029499275370370e+01
4.072962473041402376e+01
4.048088782713723788e+01
4.394152271026545264e+01
4.345627282755747700e+01
4.331839204015695799e+01
4.495631761078259814e+01
4.352063661321322030e+01
4.410372046030074955e+01
4.665411940540225544e+01
4.844676533289731424e+01
5.006692918863777919e+01
5.081250953609374221e+01
5.255058686526413680e+01
5.370139258919171255e+01
5.556010109948417863e+01
5.539587370126329091e+01
5.604085358357782098e+01
5.498557233127167621e+01
5.553458381299176949e+01
5.508955535656617997e+01
5.713551926509023104e+01
5.778248521403364180e+01
5.589383130862179883e+01
5.713385935157317164e+01
5.628654994384985599e+01
5.520043539255950549e+01
5.343559740779461009e+01
5.257931350109551261e+01
5.406730520649335858e+01
5.528903125251882500e+01
5.453221990075937953e+01
5.586408311824564521e+01
5.570749304078759678e+01
5.844302636397095085e+01
5.688160915117825311e+01
5.928251255539535691e+01
5.982671206486781301e+01
5.969005905247672672e+01
6.251066956681009401e+01
6.486557905650980160e+01
6.483370936409502860e+01
6.382797126725992598e+01
6.331790900726090854e+01
6.420999091850072205e+01
6.492608908981975446e+01
6.660655429821672158e+01
6.721636528253043252e+01
7.019521727109813014e+01
7.253329377993020444e+01
7.458504206099151190e+01
7.461745162569295076e+01
7.513560040847779931e+01
7.632614572350519211e+01
7.645859350542552590e+01
7.680622462859363964e+01
7.865732428731425330e+01
8.293669762723519057e+01
8.300885678902945131e+01
8.559546742053944968e+01
8.919457358584017470e+01
8.994852215259234640e+01
8.959195842467066484e+01
9.320750297120565619e+01
9.400826338870241727e+01
9.452623881646682946e+01
9.778405140634745862e+01
1.011880528792275982e+02
1.015096892447584480e+02
1.018888046172890824e+02
1.030306772298191191e+02
1.058886322736577483e+02
1.056502809058069374e+02
1.052423605196976837e+02
1.051540015083772346e+02
1.053828556489276025e+02
1.093721345517251393e+02
1.090764554241153377e+02
1.096593355652197914e+02
1.131178281104504606e+02
1.142019625785199111e+02
1.132929352668761425e+02
1.167237835398993013e+02
1.174231619364064443e+02
1.157226069180235584e+02
1.169302099438804419e+02
1.194252987021825732e+02
1.193051182401965917e+02
1.207261952253604278e+02
1.249871626079427074e+02
1.251943869701801475e+02
1.244477908704660933e+02
1.248079291981571117e+02
1.258071141901827446e+02
1.275331913481248876e+02
1.270684350681996477e+02
1.279943257310305000e+02
1.271839656113523773e+02
1.284670141920732078e+02
1.286948293366350242e+02
1.268431092210306304e+02
1.258610954761057883e+02
1.252877811387071745e+02
1.255079143291851125e+02
1.302037444189679718e+02
1.300689894032239806e+02
1.305416077557910057e+02
1.322705904818769511e+02
1.317007868899702316e+02
1.330958314515203824e+02
1.325493616541702693e+02
1.351585964367724841e+02
1.353238795276421627e+02
1.360005269053282859e+02
1.372763795497214119e+02
1.376940361561386510e+02
1.390971612689120320e+02
1.377240434799758759e+02
1.402968858910370784e+02
1.387140228609039241e+02
1.385816446723383990e+02
1.386672441929253239e+02
1.365857880069703185e+02
1.386763098781139263e+02
1.411280592771676083e+02
1.441346853120215599e+02
1.452486456180921550e+02
1.478182665162014189e+02
1.504295140263549229e+02
1.512175585322060840e+02
1.500088156547722917e+02
1.509097843451642689e+02
1.532298423182669183e+02
1.523311048996051511e+02
1.534668954075726788e+02
1.533598778050167368e+02
1.524052669246096912e+02
1.518749197675703613e+02
1.522209152435846136e+02
1.510966233910789640e+02
1.524581257813811987e+02
1.543072523797353028e+02
1.571159415770478063e+02
1.565259561159887483e+02
1.538085973158665638e+02
1.520585628863101419e+02
1.521994788939089460e+02
1.519542174665481866e+02
1.505705314048423418e+02
1.503589264694489600e+02
1.497363192609915075e+02
1.482389410456142969e+02
1.465277569966265219e+02
1.462969949368868470e+02
1.452467652702899841e+02
1.445110728122702994e+02
1.431608463086477911e+02
1.426191284032887552e+02
1.442126186714415610e+02
1.436191872526334805e+02
1.440872701820194095e+02
1.447005610276498828e+02
1.460658520124612494e+02
1.451110815656957982e+02
1.450473860489686047e+02
1.451475859947040021e+02
1.430990375917740778e+02
1.423702140412563608e+02
1.398332405639993112e+02
1.395856779022545311e+02
1.392571450190970666e+02
1.402640748054268727e+02
1.384682678178463107e+02
1.399907200563094705e+02
1.405662385764379110e+02
1.386358009658308674e+02
1.368359487830789192e+02
1.351876842630235274e+02
1.345462770557321619e+02
1.350652014971247752e+02
1.333517927025129381e+02
1.337817754581800500e+02
1.342645027096992010e+02
1.325020366147882953e+02
1.345083956997961536e+02
1.326576561543073751e+02
1.327522399151222885e+02
1.340076985305811377e+02
1.327497676785685030e+02
1.343835567201151378e+02
1.340529350436984544e+02
1.344718589354675089e+02
1.337323156168080516e+02
1.339820460711544285e+02
1.338394236106692858e+02
1.337974605027487485e+02
1.335146951774286492e+02
1.340995488388846582e+02
