-2.703635058221645977e+02
-4.138304008245095247e+02
-4.644068475068803536e+02
-2.814495769513006280e+02
-1.974132410584073227e+02
-3.777820833957800346e+02
-3.541062676322518428e+02
-4.302956467105433376e+02
-4.762985871521210015e+02
-4.063877863613184331e+02
-4.820392373589849058e+02
-3.162588057766760130e+02
-1.486299159533740522e+02
-2.785302895923125561e+02
-3.055107473494865644e+02
-2.772462887645762635e+02
-3.005536435926705963e+02
-3.950635408167413516e+02
9.245677183015459377e+00
-3.461487782313005823e+02
-3.698159246801427571e+02
-2.815631092528196859e+02
-3.021418822507741879e+02
-3.150544500001121264e+02
-3.829940550707235047e+02
-1.846459806212236572e+02
-2.512071346294769967e+02
-3.169432378657277241e+02
-1.301506505340746287e+02
-4.495105869188112138e+02
-2.893181549825724801e+02
-1.971552693984341431e+02
-5.128565770725927564e+00
-6.414245940904132794e+02
-2.356027392787300698e+02
-3.016019995373221718e+02
-2.018527264204167864e+02
-2.534191946705613816e+02
-1.037455416889363420e+02
-3.799914828640771702e+02
-4.775622599614159185e+02
-2.570102156545069647e+02
-2.008211798466943492e+02
-3.637234023506659923e+02
-3.687877169308740690e+02
-1.146905779116800090e+02
-2.058650271330428438e+02
-2.684058926834892418e+02
-2.537895642086745625e+02
-5.843145861303354138e+01
-2.847930210951743675e+02
-1.505582124517506486e+02
6.693775443468283015e+01
-2.033105081546682129e+02
-1.048950903139057260e+02
-6.323981191297079363e+00
-1.599574316707997035e+01
-1.547636666272190666e+02
8.665783101565052959e+01
-1.651747502747334124e+02
1.577687739587018143e+02
2.103163597736202206e+01
-1.442793170782832135e+02
-4.719144093044100430e+01
3.348027119984793387e+01
3.446275561548324617e+01
-1.448087717003292596e+02
2.189196118503313215e+01
5.308481127778977537e+01
4.941150308336302999e+01
6.259060115206400354e+01
1.253703200172239640e+01
5.961659805619314056e+01
1.136266705346071717e+02
3.011391017034873485e+01
6.494882868734160297e+01
-1.343781104615242050e+01
-2.000595076764644773e+02
8.202323351423065390e+01
-1.652287779343451462e+02
-2.325770195634117954e+01
7.442631711460458632e+01
8.323337429399826704e+01
-2.756935143583110630e+02
2.256209063843949991e+01
6.873225535776175832e+01
-7.332440343724120346e-01
7.084446963434521649e+01
3.824643602073069815e+01
-1.718692214447561639e+02
-1.499120445405065425e+02
4.561313836322462123e+01
-1.512015172052625189e+02
-7.658715065062465044e+01
7.442316740923058660e+01
-9.964225978138163953e+01
1.089989189057419026e+02
-1.654382473728072966e+01
-7.750210020176209014e+01
9.454694552762762783e+01
3.500754087802845049e+01
9.234429037494255965e+01
1.003800731607981191e+02
7.700294755771516009e+01
-2.053717813579827407e+02
1.042084114602466940e+02
-9.181354943143777803e+01
-1.167644760457719144e+02
-1.013833715005845022e+02
1.355671641263757010e+01
1.033145701900800617e+02
-1.279246843776392097e+02
-2.414543284242822665e+02
-1.582132730238176350e+02
-2.367334988725791050e+02
-9.109389342784572818e+01
-6.436664676978318766e+01
6.494355453561750835e+01
-1.033267464790013150e+02
-8.160296188549254737e+01
1.161993061487886081e+02
1.247805425610806793e+02
7.110158717644648618e+01
-7.390027418278506843e+01
-1.749663464861421858e+01
-7.248044334551539691e+01
5.907429437247451176e+01
2.963888840827248217e+01
3.021362969651311658e+01
-1.763868947545220180e+02
1.009933698827858279e+02
1.357226427439691179e+02
3.320942200458951277e+01
1.307098143576963594e+02
8.770205134624987409e+01
6.504471848910908705e+01
1.593206085618118948e+02
-7.673401858253080832e+01
8.706276901515144573e+01
1.424000964162472371e+02
1.494432302672446724e+02
1.237330687824859154e+02
-1.749515776855648141e+01
1.694677719056710430e+02
1.352605516252316704e+02
-8.347035506304595742e+01
-1.378977132832999359e+02
8.975721185966325777e+01
1.239173859464746386e+02
1.244377392986976929e+02
4.250552655476040798e+01
1.562342277540962527e+02
7.061674934608636534e+01
9.649534995541588955e+01
1.309900413319409438e+02
-5.183446777507116110e+01
1.737187864751568043e+02
-7.128978814986282941e+01
-1.517296110572931411e+02
1.650156549178315402e+02
1.512215572442706275e+02
1.709113198601460226e+02
1.171917794020651229e+02
1.198390169363980959e+02
-1.081674174262749233e+02
3.455595608857768752e+01
-6.271101768330652249e+00
1.313564627977353609e+02
-6.837405692373076249e+01
7.145711852163823607e+01
-3.065272299033361492e+01
1.550899485350079487e+02
1.593122909443458468e+02
1.208456572702613840e+02
1.004987517108349806e+02
1.012649818298409343e+01
1.427801167323413836e+02
1.382711604837398056e+02
1.073106801288606675e+02
-2.099725814234352583e+02
-2.154356922049020966e+02
1.577228233540141673e+02
1.024887835213761349e+02
-2.353180530860061594e+02
-9.519756164247638708e+01
1.357648882694258532e+02
9.842252891168898543e+01
1.723718818662430010e+02
1.541111591259068234e+02
1.252402981744456696e+02
1.107478872799346732e+02
-1.478151039624357850e+02
1.430630656793428557e+02
4.169335060394946879e+01
1.203917757342545087e+02
-1.614114760668538793e+02
8.744210619391195394e+01
1.970416008519567868e+02
1.517390022499913016e+02
8.212648983191279228e+01
1.419208479569909684e+02
9.911503753341810352e+01
1.064929035881041557e+02
8.669982680031046129e+01
1.703843106164796666e+02
1.377341817302823301e+02
9.781227498679128018e+01
1.830829955539883542e+02
1.842719103821536635e+02
-3.229566500614382107e+00
1.258180145087757609e+02
1.175067545005329492e+02
1.403321540189616314e+02
1.430591656721364870e+02
1.375911363037714068e+02
1.402420923045783070e+02
1.383394622529667402e+02
9.896535395940787794e+00
1.117021205187969173e+02
1.645526770652970185e+02
1.703810976031863618e+02
-1.529758869128650360e+02
-2.894845360393430838e+02
-1.770622874690546951e+02
1.197912229397468877e+02
1.147234272591529134e+02
-1.432445922298512073e+02
-2.506646383622596375e+02
1.558104416696736223e+02
1.844843420172475987e+02
1.857389169622985889e+02
1.724153925812205443e+02
1.193216598934612591e+02
1.429745625446608415e+02
8.071711477840835869e+00
1.369695704175745732e+02
1.297212956167685718e+02
1.470311285184863550e+02
1.859488961986214974e+02
1.186128464562507077e+02
1.211283311967706311e+02
1.533308360918784956e+02
1.524241857057141090e+02
1.684054482247626936e+02
1.074325733668379712e+02
1.470137120644120898e+02
1.778704659380853172e+02
1.479727305496985252e+02
1.125529873070079105e+02
1.468983239414354500e+02
1.375171256199679704e+02
1.563800927268183045e+02
1.171906468991154497e+02
1.602829090148753437e+02
1.058571211057124799e+02
1.850807735915671230e+02
1.628782891838666274e+02
1.416488225316014677e+02
1.623644756976646022e+02
1.495017749828976150e+02
2.012463052467159628e+02
1.710044020668661346e+02
1.185683395645344405e+02
1.397092829648834140e+02
1.502193539910580853e+02
1.350513267865063369e+02
1.641118298829677826e+02
1.848090882015269756e+02
1.894663421630670257e+02
1.933697364948090751e+02
1.691217608284482594e+02
1.383586148798694921e+02
1.233205767931951442e+02
2.063379910384798563e+02
1.559470439176621710e+02
1.939291123215073753e+02
1.524284296150599118e+02
1.439956176538129284e+02
1.537923079617310407e+02
1.494414631647343015e+02
1.492468669408770268e+02
1.793146544431615439e+02
2.670686290980459603e+02
1.374561454528274282e+02
1.847056281525259465e+02
2.116972082338730274e+02
1.852002827098821172e+02
1.755629566816236036e+02
1.665885548317903044e+02
1.250147994927188506e+02
1.215869176482784724e+02
1.561835613132286937e+02
1.386665859125327813e+02
9.012753652122879089e+01
1.713440150976539940e+02
1.319726722045509177e+02
1.306812874770492670e+02
1.501989692499036266e+02
1.193749134736954005e+02
1.966534688847286816e+02
1.725848295541505024e+02
1.784414716061583022e+02
1.640368002620500363e+02
1.351527824103569628e+02
1.281651717419985630e+02
1.913856199662026256e+02
1.634661288285185492e+02
1.694316688080489826e+02
1.306829410895517753e+02
2.070243187801922318e+02
6.443527742813358827e+01
1.372713717917706333e+02
1.331263936877859351e+02
1.494411141461770001e+02
1.278875002317573149e+02
1.089642426428293192e+02
1.642387078595416199e+02
1.504614738194420056e+02
2.667157883048406575e+02
1.485868685745335824e+02
1.516145859342203153e+02
8.871811117979780192e+01
1.445497381887994663e+02
1.589413648686837632e+02
1.135994850791351496e+02
1.586092262412221032e+02
9.889832643902595066e+01
-1.782694799794427070e+02
7.460881157931780194e+01
1.295993302007686054e+02
2.693347919715332637e+02
1.540171810932071992e+02
1.478357709131483091e+02
1.219809580322435494e+02
1.646316772720296342e+02
1.537869852878976644e+02
4.501850780572523547e+01
1.465609528240788109e+02
1.564245121687656024e+02
2.804652747641763995e+02
1.429117353862292532e+02
1.235718170315027180e+02
1.208680464043010829e+02
2.814759186851829895e+02
6.698615214971464127e+01
1.866565461769866019e+01
1.307946439319730132e+02
1.776943988386332762e+02
1.670489407560906727e+02
1.106055957167959747e+02
-9.941413325451240723e+01
1.415283923546013227e+02
5.545909527172014464e+01
2.539896777614645771e+02
1.130785676963022013e+02
1.986602623565453598e+02
-4.565984140488134813e+01
1.190825241147936566e+02
7.563144968539899082e+01
2.557623956196675863e+02
2.589624508182338332e+02
8.389262810009419979e+01
-1.906003942744254687e+02
-4.523222676845702495e+01
2.028436031835970255e+01
1.403025844657062464e+02
1.470349818826118735e+02
1.370993075360847513e+02
9.010155038391501137e+01
5.252006830446762820e+01
1.781410352551196183e+02
8.166377280384701010e+01
1.566770489214991358e+02
1.408431478888606705e+02
1.380071534329619283e+02
1.380760628495468438e+02
1.835597630562032521e+02
9.717778652053156918e+01
1.664299820436519326e+02
1.376076502228911806e+02
1.146055301010163419e+02
1.423583527291113171e+02
1.601629315736660146e+02
1.355356364437854211e+02
1.048340699141853776e+02
1.113285336195107362e+02
1.473279777412141982e+02
1.592112485767805197e+02
9.331258716811004206e+01
1.149266558681291883e+02
1.078717750369680175e+02
1.673230036086526411e+02
2.546855370977792461e+02
7.596720547613888641e+01
1.443530823386882389e+02
2.435061534937327679e+02
1.523581420149685073e+02
1.560820923978374424e+02
1.552391995057676013e+02
1.307448073732905698e+02
1.792174784296754808e+02
2.359321547190506863e+02
2.860837433522464721e+02
1.553966672513270737e+02
-1.043301632663842327e+01
1.655954249338651039e+02
1.116391525744590751e+02
2.628272392626008127e+02
1.319530634707951151e+02
7.471240467375835692e+01
1.565869218799850842e+02
2.547771466039850452e+02
2.007237099560835532e+02
1.779343912421432492e+02
2.608456063530503570e+02
2.572985933918165529e+02
1.180072470875908976e+02
2.630306483195314513e+02
1.261000237569797378e+02
1.539543573087792652e+02
1.936253236068234287e+02
2.439360910239108193e+02
2.410301340497482556e+02
2.432646536232850281e+02
1.488507928899884121e+02
1.645475197918870265e+02
2.406287858212469359e+02
2.447899123709788682e+01
2.702142801699907295e+02
2.926387005236040864e+02
1.564738377902867512e+02
1.700065890819323613e+02
1.531199653510361429e+02
8.111275428040444524e+01
2.931633174277402532e+02
9.158647825055008695e+01
2.480276087464324917e+02
2.584265386473211947e+02
1.800119568346237600e+02
2.679922840901106724e+02
3.510938745924943305e+01
2.239094050179022304e+02
2.565222841557196602e+02
2.616807166668528453e+02
2.588878844087458333e+02
1.320998929426430095e+02
3.338723633960682946e+01
6.417695531997806313e+01
1.337414248381476796e+02
2.822443640998947103e+02
7.615584936137675243e+01
8.549969764599369171e+01
1.540232975843753422e+02
4.777430805418795501e+01
2.446126048155594503e+02
2.886716275163342971e+02
7.977638898918429788e+01
1.931285906013032445e+02
1.600072867358967983e+02
2.445780251405465719e+02
2.639046420427255271e+02
2.888343668772323554e+02
1.790009993037658376e+02
5.181571467254815389e+01
2.681345883887119612e+02
2.998826812450582793e+02
1.305953720681577295e+02
2.631049393214911447e+02
2.864138059419480555e+02
2.762939515053823243e+02
2.558524390987816162e+02
1.534840799746292532e+02
2.412450518978213836e+02
1.072199250696084789e+02
2.652677997719353016e+02
1.343833588834109491e+02
1.337436305732352650e+02
1.475929443665469307e+02
1.545019836867568870e+02
1.588352119572010110e+02
1.531788432478562356e+01
2.375937420738924573e+02
9.226194350238476716e+01
2.422050374530986119e+02
3.039667174219147228e+02
2.925241133832856804e+02
6.850767542577416691e+01
1.658167402083326181e+01
-1.147772156973478417e+02
7.722009130513528419e+01
-2.008546388629976320e+01
1.293145388440194665e+00
2.412997999261276618e+02
-5.234277680442978919e+01
2.239395320563896234e+02
2.897828676734104647e+02
1.283109555126038117e+02
1.185697361947370609e+02
-2.177733267851117205e+01
3.084766207242433893e+02
