-5.198535944220546412e+01
-4.173404830753440820e+02
-8.942830910159770497e+01
-1.914182641151454050e+02
-3.510724956091787590e+02
-7.050220083040730401e+01
-4.364734059592952349e+02
-4.803062641674154634e+02
-2.016067098506877642e+02
-3.731259891041415244e+02
-5.222027047650763052e+02
-4.843872486075584050e+01
-2.479028839973712763e+02
-3.866504574242585335e+01
-9.647743539901132692e+01
-5.767059476194818899e+02
-1.211252145366865420e+02
-1.064158396245462797e+02
-4.559437762660328417e+02
-4.770695993551477159e+02
-1.482605917605180821e+02
-4.740130491707745932e+02
-4.321379620401481247e+02
-9.987967744071288223e+01
-2.062405342701948996e+02
-3.677946326461910758e+02
-2.122155745922499364e+02
-2.122223053484964339e+02
-1.608508723761367492e+02
-4.064761027246948402e+02
-1.149388207886984645e+02
-3.098153225330136706e+02
1.869691444946610659e+01
-1.907376262792323587e+02
-3.542116508946393196e+02
-2.391402550382667869e+02
-3.264430611403847706e+02
-7.889397377215287577e+01
-6.384424438435546989e+01
-1.065602664638894623e+02
-1.949240593510447752e+02
-1.264830938603691379e+02
9.687700013383536657e+01
6.764765135929738449e+01
-2.590977516024503302e+02
-5.097193566694121500e+02
-1.199255675506097134e+02
-3.590864727623426234e+02
-2.432972484471863197e+02
5.746510829188228087e+01
-1.841943511499920305e+02
2.298058310636690749e+00
4.648481866769016335e+01
-2.708810099238889961e+02
-2.403128736491620145e+02
-3.881332559756639853e+02
-1.664090926119376661e+02
4.426907691590179184e+01
1.283809363196062634e+02
1.091699208206752445e+02
4.926948524535572460e+01
-2.412960569482208939e+00
9.507191239030262864e+00
3.135924247712117108e+01
-2.067048799760790700e+01
-1.828309661258060430e+02
1.013079740143877956e+02
-2.942097459813298883e+02
1.234397501032914590e+01
-2.617819630203000258e+01
1.235810391090795974e+02
-5.773838782453790230e+01
2.666193841997251468e+01
-1.959318193959246059e+02
-3.149033392644126650e+01
-3.202657080252021160e+01
5.133051726003962756e+01
-1.495299178048260558e+01
-6.789156868304462478e+01
2.909926304449260215e+01
2.733239321093333274e+01
1.545585379428142119e+02
-6.238938627954971139e+01
1.167196570115270902e+02
8.916164508902591024e+01
-9.412847312916045439e+01
-8.463392903394932887e+00
7.287120829402857680e+01
8.539967057614303769e+01
-6.816971114035519008e+01
8.367745468775275697e+01
9.492873395183519847e+01
3.445277716635648346e+01
1.836345217872350588e+01
5.544647827184542166e+01
9.143539541546692817e+01
1.349687294093636751e+02
-9.399983014553306759e+01
-1.631223705416538223e+02
4.762375524570511232e+01
6.160113184309999212e+01
9.019344783334732085e+01
-1.463092242624649657e+02
-1.545594570164265065e+02
1.051866728094991146e+02
1.078461320362827536e+02
-1.409061263062998250e+02
1.221874497139097713e+02
-1.432405292369655285e+02
-1.547616815642622043e+02
-7.850268138542210750e+01
-1.226535718529396775e+02
4.803978726381539843e+01
-1.449371933733991114e+02
-9.340228783885248731e+01
1.127067937244664364e+02
7.491796412455725829e+01
-5.338066081742037738e+01
1.325097641727812743e+02
-5.921555105181085565e+01
-6.452983572357035769e+01
9.241374005193459595e+01
-2.443117992540355772e+02
-1.216801272699651690e+02
7.121097774514181822e+01
7.075522586601719865e+01
-5.693845612420658142e+01
5.421575685547490764e+01
3.444884777930745656e+01
-1.008413366018520918e+02
1.235906780517204027e+02
1.012229049381825519e+02
1.244806860784565572e+02
-1.089249040817738177e+02
1.187442834322205556e+02
1.607756260188090778e+02
-2.653665594606488298e+01
-7.190648568829067244e+01
9.113132747514080734e+01
9.005795384950062044e+01
-9.478830425288305150e+01
8.476562671195263476e+01
9.448219261932594293e+01
6.663388343361962995e+01
1.221397018969695694e+02
1.250201342236469912e+02
1.467849372452258763e+02
1.589943321029898016e+02
1.510164323012224941e+02
1.545769517567607352e+02
1.231262901352771735e+02
8.288647792254734270e+01
-6.708281382503201939e+01
1.142854996567188550e+02
-9.534841363295709016e+01
-8.556431628783441568e+01
1.179260830273148173e+02
1.212131300065970265e+02
-6.008121638689983968e+01
7.348383359663057490e+01
1.432248473844078944e+02
-2.021982151264174377e+01
7.273522002384592611e+01
1.576294909488606493e+02
-5.084178626724842331e+01
-1.589053314757848057e+01
1.394248137489964279e+02
-1.105851454940240330e+01
-1.709215230426968901e+02
3.356895170691441876e+01
9.215899163894751212e+01
-4.659117518038100059e+01
-7.220304912912088469e+01
-6.169744594501474921e+01
1.288294324399520292e+02
-2.497090310115399348e+01
7.467124435348611655e+01
7.901868288580058675e+01
-1.985586648116499475e+01
1.061095500053758371e+02
6.807985247793320127e+01
3.095209374153020576e+01
-1.058887627859214149e+02
1.269917756761711303e+02
1.004894883503679921e+02
1.199236038146251815e+02
7.179366689143454039e+01
1.458882289621593031e+02
2.008783505480735130e+02
-1.930359840885030565e+01
9.274916763647870255e+01
1.018489985480127444e+02
1.233086122950022911e+02
9.257311097691071211e+01
1.047171319156056057e+02
6.922570977824514671e+01
1.715421882769412321e+01
1.209145489031469651e+02
1.340716938992512439e+02
-3.853336138870616878e+01
-2.616420906488968967e+01
8.018592555103514030e+01
8.432786444631389600e+01
-7.061777585999341511e+01
8.184905400746629311e+01
1.482527083242677293e+02
1.472435829269983856e+02
1.175423610300807269e+02
1.175029969153095806e+02
1.801996202520905115e+02
1.275663654265055840e+02
-1.778586117171614944e+01
1.274856744917793634e+02
1.469811470537743787e+02
1.050617318924561232e+02
1.412490208855813307e+02
1.300239918842655413e+02
1.163547778164598157e+02
-1.838605221428692857e+02
1.118532815206276894e+02
-6.015633159572340816e+01
1.611432908782526852e+01
7.721986604848393654e+01
1.252333040137754949e+02
1.613516193656318762e+02
1.082367851857767249e+02
1.299788130211630914e+02
1.273006285709828376e+02
1.530022760079651505e+02
1.192860142382684643e+02
1.579957499031407622e+02
1.575065212465899265e+02
1.206790937807192137e+02
9.916143115699082955e+01
1.755980058024896380e+02
-4.494704623194039783e+01
9.449330907834028892e+01
9.607049974685108396e+01
1.681268106764538004e+02
-1.924054720798644098e+02
-1.106248197814695828e+02
3.526658749116384683e+01
7.941572143925650096e+01
9.787752129508986343e+01
1.455895348498474959e+02
6.253989071587864146e+01
7.946121712060951836e+01
1.112433672710303512e+02
1.014228826435423798e+02
-1.468384917686819904e+02
1.393105727859038723e+02
1.408866067670510347e+02
9.214319737829963231e+01
6.185826089578930009e+01
1.436403040246704279e+02
1.473421731122786014e+02
1.757532857947406058e+01
1.064008726640524003e+02
3.004788072108232200e+01
1.019461516708367697e+02
1.292724692989708046e+02
7.480376972260773982e+01
1.351666589616809233e+02
1.553294512579751085e+02
1.545562835579843863e+02
9.276478307276136093e+01
4.077277824791740102e+01
1.795840596168354750e+02
-4.157358106088450711e+01
1.277435340100817456e+02
1.797687617865611287e+01
1.846546160290474745e+02
9.564608909494481281e+01
1.117908492655655550e+02
1.634967682829065154e+02
1.904731860626710898e+02
1.338715358608368149e+02
-1.378052061394406280e+02
2.945043394953421512e+01
1.112555475220837451e+02
1.303177738956805172e+02
1.099809977274771029e+02
1.881914761612026439e+02
-3.983628930656099953e+01
1.757975984203899316e+02
1.073985467181662870e+02
1.414402076564252013e+02
1.758217284603981057e+02
2.046234829521106633e+02
5.687668111968170592e+01
1.521868470018862070e+02
1.817623310337202156e+02
6.530777092870465594e+01
2.088182344406073412e+02
9.399099668230240923e+01
1.841641057859053205e+02
2.899118816976360336e+02
1.942214320416456985e+02
1.415110055207026960e+02
2.333859826649204763e+02
1.432909889277517550e+02
1.865893299955581881e+02
2.782436333793237964e+02
1.304859598199543314e+02
1.979898135528770808e+02
1.634946379103452614e+02
1.753501118693028502e+02
1.823357525035726212e+02
2.005869397775198024e+02
1.366141325692054238e+02
1.673748136163995355e+02
1.175329051822245532e+02
3.083627404212541023e+02
1.246474160037317631e+02
1.462656415071873255e+02
1.728991479737001953e+02
1.765596297581697627e+02
1.947809684528675405e+02
1.259321062014942356e+02
1.538129266197859977e+02
1.860418421466465873e+02
-1.464001611120643531e+01
1.652089845541060527e+02
1.917942907749584549e+02
1.408631987023482850e+02
-1.396685534925935031e+02
1.721201348045024986e+02
1.778794503756440690e+02
1.558831228057356384e+02
1.578209422255761467e+02
1.011924298087014904e+02
1.873992578147008032e+02
1.123378312632932818e+02
2.683854849569960379e+02
1.184510971415997744e+02
1.275124065159217821e+02
1.235413499833682351e+02
1.327438169257324034e+02
2.873260731029827753e+02
1.862999715682798580e+02
6.785682568967621364e+01
1.613929981842943278e+02
1.295674239523901861e+02
-1.251750515282723910e+02
1.872389877484878866e+02
1.938563458652951113e+02
1.105688622824698371e+02
1.079398456793846890e+02
1.649941268145945514e+02
-1.021874377484606384e+02
-1.932935626631938817e+02
1.364017064341168748e+02
2.520036982973329032e+02
7.641050616599487455e+01
8.988349377527470097e+00
1.970469966515804003e+02
1.963873187627569905e+02
1.260852440077995453e+02
1.688096541478729478e+02
1.505126454778805396e+02
1.896529444622947835e+01
2.976984590566020188e+02
1.566593000492278520e+02
1.329454036002268822e+02
1.601447558648657434e+02
2.700556337176129773e+02
2.880927451907303976e+02
1.529358376959464181e+02
1.021871447279004030e+01
4.899892762466502916e+01
2.493256345503663454e+02
1.038352451735567143e+02
-3.139319771712187617e+02
2.889288756821724178e+02
1.781908479358244222e+02
1.577651487146016791e+02
3.007158084872105519e+02
1.361046579166432196e+02
-6.131404822344848071e+00
2.884062107629672482e+02
-1.285584268559138366e+01
1.698016663064525460e+02
1.725959250323711842e+02
2.981545206268621087e+02
1.352066166672496479e+02
2.925242701254358053e+02
2.809134608030041136e+02
1.450919835360013508e+02
1.031795944528633697e+02
1.401761509297310795e+02
1.906094694965696590e+02
1.347244034197864551e+02
1.592901724938307382e+02
1.781953069027971992e+02
1.831534921072521058e+02
2.712468175044078862e+02
2.570356724194999742e+02
2.823350413259722700e+02
1.650793558194808384e+02
1.499927800497495696e+02
1.710159207245343964e+02
1.253314183256468795e+02
2.466803068384844835e+02
1.391234797044433833e+02
2.488409360455497961e+02
2.401607953870503991e+02
2.469519462866635422e+02
2.496506207105850024e+02
1.197785281495492455e+02
1.404650561982406600e+02
1.487320627941338387e+02
2.745701894459211871e+02
2.791079818402241131e+02
2.710111322223435764e+02
2.799088640713960103e+02
1.502851566000785510e+02
1.113382668886370652e+02
1.414971832670690333e+02
2.469815230370745667e+02
2.743484510158897365e+02
2.599498833462583889e+02
2.379247049885847787e+02
3.590129429131195593e+01
2.729715903058514641e+02
2.652948111056780363e+02
1.449174996322475124e+02
1.617147371588027340e+02
2.651624228832463928e+02
3.092777363385824856e+02
2.829369840992046079e+02
1.680232500063431473e+02
2.668338248428419206e+02
1.438668761058386565e+02
1.259298418150398362e+02
2.857722128640172059e+02
2.562328708935028203e+02
2.927865640827482139e+02
2.707362151529122229e+02
2.724119683289855516e+02
2.820563989511911132e+02
1.336446535746036375e+02
2.483113745276428972e+02
1.657243202814331937e+02
1.731050008121940493e+02
3.044014343219610055e+02
2.576170133686927102e+02
2.076889115376143877e+02
2.908424265013981085e+02
2.833352402730478161e+02
1.402784344614865404e+02
1.586177786584870262e+02
2.766705954293231571e+02
1.470204966358261345e+02
5.767010810553347255e+01
1.116339730728175539e+01
1.485658748659874391e+02
2.583577368516178581e+02
2.755344849628505131e+02
1.681279202808178184e+02
1.512096197536046418e+02
3.462123484935395368e+01
1.300076584953027918e+02
-1.664536883951481627e+02
2.498333690316193270e+02
1.501259436205842235e+01
2.790639561453643864e+02
-2.934788726510383867e+02
2.568223965725657081e+02
2.709723863542003528e+02
2.689798416590741681e+02
1.025168852353129125e+02
1.707573111733624103e+02
2.736311459373468438e+02
-1.967272540522323254e+01
3.478381160772329395e+00
1.518532205182987411e+02
-9.224346575680868909e+00
1.454648357006103083e+02
2.523396666659497498e+02
2.704805686355147145e+02
2.651701297342024759e+02
1.742717544692063427e+02
2.389595833683957267e+02
5.911578319297836970e+01
2.726195034965182913e+02
2.633508843066360896e+02
1.423955955206919555e+01
-2.027814966610658018e+02
4.187079290462727954e+01
-9.170126375956840548e+01
2.733206545598202410e+02
1.791297844774894656e+02
-6.575422120132202508e+00
2.527466550356820960e+02
1.419641093866753749e+02
2.468567134306009336e+02
3.709149642960321103e+01
2.233314467064673181e+02
-1.808391195377492409e+02
2.155211343307347818e+02
