-3.998983343571347859e+02
-3.251359979416847636e+02
-3.369584409671550702e+02
-2.487685338874980516e+02
-2.389655147684645726e+02
-5.025373265306052417e+02
-7.205824591160356363e+01
-1.697367845750736421e+02
-1.346548699310453685e+02
-2.454256071884396420e+02
-1.143833456214783695e+02
-2.292972782712616890e+02
-3.039697133470647259e+02
-4.552936166228834622e+02
-3.673717051854902138e+02
-2.060085351229039929e+02
-3.027492527289939517e+02
-2.114735796648881205e+02
-2.740665239351418450e+02
-1.542096100554535383e+02
-1.201074495028963156e+02
-3.474334798763364915e+02
-7.677263526085283729e+01
-1.080652903883637777e+02
-2.627349631093203470e+02
-2.847743046537617602e+02
-1.016870948807566037e+02
-3.606458761357403091e+02
-2.137558520160734759e+02
-4.855047107983865544e+02
-1.846492477397252401e+02
-3.593725528930528412e+02
-3.814690365878428224e+02
-1.562838008737564337e+02
-1.386845140029626577e+02
-1.344465397017374642e+02
-5.931042065084855039e+02
-1.464157633628421991e+02
-3.371983544350636066e+02
-1.416585668269190421e+02
-1.741250589154063846e+02
-5.042105705601879322e+02
8.634083033148504782e+00
-2.058474871986009305e+02
-2.426022556584106553e+02
-2.299131770367805530e+02
-3.345260927613064723e+02
-9.548262306318750348e+01
7.117716306525628056e+01
-2.221016330165085151e+01
-8.258185033509866457e+01
9.555010102690866347e+01
6.360061979653630715e+01
-3.085746447152196197e+02
-3.502521773764634077e+02
4.159444210957403243e+00
6.002296720646808126e+01
-4.042594951481309522e+02
-6.059353820730818185e+00
-2.517486151304344446e+02
-2.179735137027905978e+01
-5.879026969464842978e+01
-2.466219766625738430e+01
6.343471649029737591e+01
6.933165336578728954e+01
9.090696328839689500e+01
3.393271202978577605e+01
1.272124975747570801e+02
4.735775862186796559e+01
-8.235242125355597409e+00
2.075601730350521734e+01
-6.882627380058812605e+01
1.592390443170082506e+02
1.157266010127353013e+02
8.236997798120907532e+01
1.292759237361242697e+02
9.769200712933850639e+01
-1.542737898749577141e+01
1.366362764971035517e+02
-2.877020193688104541e+02
1.522724106599934260e+02
2.567158970856944222e+01
7.868389586950920034e+01
-2.966423722088514126e+01
4.870231101676188246e+01
-1.403861059907493996e+02
3.131998852768324682e+01
1.405628608000615998e+01
5.227586558216202661e+01
7.712565857590695373e+01
7.948120859867452737e+01
8.837892764651047628e+01
2.354638710117043843e+00
6.995514613435879880e+01
1.637058482266652959e+00
-2.178474890394329009e+02
1.068905943780285668e+02
2.604612909276929145e+01
-2.754055486230085137e+01
8.422887859108315922e+01
1.281763913626196256e+02
1.204282728837798118e+02
8.892530913400960912e+01
-5.963055348690916446e+01
7.008424342309054111e+01
1.186953061983921884e+02
2.921726226265858628e+01
3.452355479760418433e+01
-2.354474695593239630e+00
1.293315217301135363e+02
4.855811078690874893e+01
1.804854654139823253e+02
3.589702180901660711e+01
7.555521864352577666e+01
-9.925403492926221816e+01
1.399246776275854813e+02
-7.753448459128686920e+01
-8.286816919269480763e+01
5.893375731855436328e+01
3.717442959705134342e+01
1.514583205185957411e+02
1.072615539054933009e+02
8.044578506849047983e+01
1.459317835522582811e+02
1.106793833859527609e+02
5.167167526016943668e+01
1.741042235612021329e+02
1.004686869853063769e+02
1.181805454502702872e+02
1.000244003875502159e+02
1.581697167691233687e+02
7.125624533511891912e+01
1.313817141646336495e+02
-5.054406197646528653e+01
4.060281975201309024e+01
2.563965818972617683e+01
1.497230915789623111e+02
-1.094401588332434869e+02
1.152184065465190486e+02
-5.090914117884048551e+01
1.032182051328663590e+02
-1.257683519443915401e+02
1.218299987324250964e+02
-2.063198950127890328e+02
1.042675927789423866e+02
1.407588078082988545e+02
3.347946232345870499e+01
1.398846272521276717e+02
1.216259032020608970e+02
9.901399983390248849e+00
5.887546291449696412e+01
1.497413706185246554e+02
1.090373833407937099e+02
9.941210136807114850e+01
1.537020961074717604e+02
9.907715599431682563e+01
-1.777982604875407162e+02
8.381813264228688354e+01
4.356905931665562548e+01
-1.854894616915262873e+01
8.718285422010525565e+01
1.707578650596050807e+02
1.225072623790380817e+02
9.134563899073688731e+01
1.218077785092061305e+02
1.107199414389040300e+02
1.342040710190562436e+02
1.394704840829728028e+02
6.350100381284616446e+01
-1.580257780895578890e+02
-1.454045372021747085e+02
1.337600950595756615e+02
-1.533170258226068938e+01
1.680967201508569531e+01
-5.879070979111560291e-01
9.528293438555225237e+01
1.274505844207474752e+02
1.482463967357795127e+02
6.047850999584947829e+01
1.555042667785331503e+02
-1.263479182980001951e+02
7.060770288595577426e+00
1.960359112676504481e+02
-2.195829274855817062e+02
-2.172553497426421245e+02
1.698514169007837324e+02
9.883461361434130765e+01
-1.731616769354153575e+02
1.146549249405833280e+02
-1.233331103544459779e+02
-9.170390146118849373e+01
1.488253938222345312e+02
1.428410721593551784e+02
1.207034255275938790e+02
-2.503898342431330093e+01
-5.093895023005102018e+01
-1.816871815321743782e+02
8.408266660247446111e+01
7.527681375868613145e+01
1.904380113500300240e+02
-6.434085340963264343e+01
-2.371205793982787782e+02
1.488155257441219419e+02
1.797469974359054277e+02
1.567438169639021055e+02
-2.357532895025241828e+02
-3.026276519642532890e+02
1.305645415318882954e+02
-5.476717549168748178e+01
1.851838211027873911e+02
8.834656419344118206e+01
-2.302786214506159581e+02
-4.943754847617661596e+01
-1.501469300549322838e+02
7.874355289429803406e+01
-1.196839376909408657e+02
-1.313822836658610527e+01
-1.066181925949215525e+02
1.501569221347348844e+02
5.649135165034144279e+01
1.345720361059799188e+02
1.236021386741034718e+02
1.833346099882407145e+02
-1.055540591890062387e+02
1.224151763946480855e+02
1.722098749230684120e+02
-9.689265763541551735e+01
8.148956058571367578e+01
1.478401501220957641e+02
1.590617927271862868e+02
8.611234428149879250e+01
-1.633282014355535239e+02
-1.606478388720114481e+02
1.418845680954146644e+02
-1.184419261314880174e+02
5.579166917615008003e+01
-1.266500983192929368e+02
1.424214011268100819e+02
-5.693100570414851092e+01
1.236516192242433476e+00
1.593782054148362874e+02
8.691940447016776261e+00
-8.636435588656026141e+01
8.200170028693963786e+01
1.239996387057649372e+02
1.832543559887888307e+02
1.561053843726936918e+02
1.085864791907352753e+02
-1.323466152849539412e+01
-5.518166406981442407e+01
-3.255049708341212522e+01
-5.143163126564704157e+01
-4.033590049000628142e+01
1.484648356604470507e+02
7.764661895230379685e+01
6.724336297936082474e+01
1.275356841698289543e+02
1.585747430231753299e+02
-2.754826739957722737e+01
-2.293397024338315191e+02
1.125176019126904379e+02
-1.022932314042374884e+02
-2.573960565874747317e+02
1.159804807779353837e+02
1.583724520573698271e+02
-1.892729391048785033e+02
8.838507480613105827e+01
1.235354351160513176e+02
-1.500693162275616714e+02
-5.974768840833490913e+01
1.344347826821116030e+02
1.265880841335381746e+02
3.699745579570370069e+01
-1.398669586623335590e+02
1.702457470009059648e+02
1.862486815542549721e+02
1.408080792712920868e+02
1.530894872089571379e+02
-2.002243386808437435e+02
1.708276672362422914e+02
7.941211074076659315e+01
-2.022469573103978746e+02
1.942482261274633686e+02
1.953835689050284827e+02
-1.093352334926580340e+02
9.250585986881581846e+01
1.586346776980676907e+02
1.283237376681161379e+02
-1.111710497718238599e+02
1.330886362133115313e+02
1.086678735751917770e+02
-3.094756563201158315e+02
1.067014128741782741e+02
1.706123842082721183e+02
1.382876466470503942e+02
1.416707899742363566e+02
1.237636581090926171e+02
1.477339683537842632e+02
1.839330128224600287e+02
1.572273909638475402e+02
3.272614738682730717e+01
1.476210419728131171e+02
2.940074391280791133e+02
2.786799712019379740e+02
1.318701266362235742e+02
1.103101988102976065e+02
-3.511526402350515355e+02
1.167764627918367637e+02
1.090253815708753109e+02
4.161572134584962157e+01
1.466549489021937234e+02
2.476127305953461644e+01
1.298270442733288803e+02
1.186945551911573205e+01
1.533015876398939099e+02
5.412379522609883509e+01
1.019423440261703320e+02
7.925265843432579516e+01
1.337341823126463396e+02
1.209893398817947485e+02
2.904391087536628646e+01
1.785032868461120188e+02
1.388317643456807673e+02
9.904233166339929539e+01
1.871117712889886491e+02
-1.665551561811412284e+01
2.711014665972037108e+01
-3.241380186616439119e+00
3.922869499306045782e+01
-1.742200574930230061e+01
4.839536115891718282e-01
-1.452903089576996365e+01
-3.847523426946496272e+01
6.620343291947025932e+01
1.474439561713812452e+01
4.013266143034425681e+01
1.469032339990429534e+02
-1.372032015245891046e+01
1.831593347175623023e+02
5.565646713948800084e+01
1.457129041757271466e+02
2.907529918803528517e+02
1.491265930834117626e+02
7.881473104546103059e+01
2.342582902225491637e+01
1.322481299888866317e+02
2.453135754966761226e+02
1.801962963226366128e+02
1.548118593112016868e+02
5.799434361557842976e+00
2.653347017733581197e+02
1.823760196175605017e+02
1.648389276161232146e+02
1.517057921305901971e+02
1.294614972307877849e+02
1.862978944821009861e+02
1.407804623618634423e+02
1.933378553399862483e+02
1.575616984724853182e+02
1.985976315582621226e+02
1.197335180921155313e+02
1.563678317467604302e+02
1.025145599425994050e+02
1.913753374531531790e+02
1.227160792652007757e+02
1.722815155486204901e+02
1.684611165558066261e+02
1.753329778924923801e+02
1.757119427605032911e+02
2.806524588796784769e+02
1.665984192351976390e+02
1.644996213866019161e+02
1.511847170487073413e+02
1.459285457215309805e+02
1.464106102158239082e+02
1.454566429433286885e+02
1.319721781392466085e+02
1.759749012639904606e+02
1.987035515989107921e+02
1.412597544752628096e+02
1.377001248512118821e+02
1.436022972126712887e+02
3.026616729344052033e+02
1.044808377406540814e+02
2.337495938096583643e+02
1.624436995195306110e+02
-1.142082414021990644e+01
2.490840402538030673e+02
1.383378260583878614e+02
1.210705900147106746e+02
2.507755720915768620e+02
1.166210819381124679e+02
1.274238490979244602e+02
9.595277423686569307e+01
1.743014794161537395e+02
2.415892891767995252e+02
2.963713739033072443e+02
1.012583403612608635e+02
2.765220791055457426e+02
7.619137899603440189e+01
1.610310054589124320e+02
1.704025564289919998e+02
1.088354275676406360e+02
1.804785967094526598e+02
7.453869289636260476e+01
1.323235178580909519e+02
1.184303687432349932e+02
1.033009612174336098e+02
1.562872168275823981e+02
2.145139939544420145e+02
8.967458971152008473e+01
1.642657292145528913e+02
7.518006453831715419e+01
2.727929337793375453e+02
1.698298967268605679e+02
1.217885329947115594e+02
2.295276084654834676e+02
1.210183190760489396e+02
2.740466935899858072e+02
-1.632243901182108914e+01
2.863281519814852345e+02
2.021698383279988320e+01
1.255939454891294673e+02
1.076022837220923094e+02
-2.103384730651247025e+01
1.923966714962447213e+02
2.722850865650862602e+02
2.974212232987798075e+02
1.506247256001204846e+02
2.395400840616226219e+02
2.616087046269403231e+02
6.427541968934478689e+01
-1.593495220128428684e+02
1.563003019586657842e+02
2.467501929274046688e+02
-4.974108043582899086e+01
2.604822847957944987e+02
-2.442208040805364533e+01
8.769824667685941222e+01
2.621751435556447518e+00
1.803124517771508977e+02
1.783238066297853379e+02
2.852768321136360896e+02
2.637273908808701890e+02
3.042947487535046776e+02
7.324958388298016132e+01
-2.642230451554152637e+01
5.192853366995308306e+00
1.689034600710803034e+02
-1.872670837451605053e+01
1.269660956027720857e+02
1.612155260782240020e+02
1.025782067703764255e+02
1.967970592869576762e+00
-4.165690766798894629e+01
1.632216885081317628e+02
3.575749570218152940e+01
1.197686095380159514e+02
2.253904811023366506e+01
1.444258410223585543e+02
2.790825449073948903e+02
9.702468986595442857e+01
1.493228528811899025e+02
2.527044220162014199e+02
2.592451777463371627e+02
7.680447087207376455e+01
1.620915648830889779e+02
1.853529724660325826e+02
-2.914289753248750969e+01
2.077701038279021475e+02
-8.709892849050588381e+01
1.397433552121223101e+02
1.183314287329642553e+02
2.466215243545126441e+02
-3.317008854223371372e+01
2.977018667896443276e+02
1.895240301520925073e+02
-1.706885979671568521e+01
1.871833332371686254e+01
-2.356669753027486536e+01
7.355940412207493750e+01
1.954947413519270185e+02
1.313207934732244269e+02
1.474791133073632068e+02
2.820223189615767296e+02
-1.380290997156215838e+01
1.892150843605678574e+02
6.401008570492479066e+01
1.477962021398761578e+02
2.466164515605980512e+02
1.249824868903151582e+02
2.799999860927734403e+02
9.436168145625727277e+01
1.378451634137730366e+02
1.003471475502085326e+02
2.665623346114370520e+02
2.821091278547923480e+02
9.706202956920414238e+01
2.482455465735361031e+02
1.346767451416355925e+02
