-4.342419206600166603e+02
2.198265756783824543e+01
-3.678033798145362425e+02
-4.316506323765642605e+02
-2.835705167892267013e+02
-2.804866236100688184e+02
-2.429583591590650826e+02
-2.363571970679420531e+02
-4.956620178807930870e+02
-4.650672729002304209e+02
-3.609458139107534862e+02
-4.718629564673418599e+02
-3.010622620749162479e+02
-3.156632632849357378e+02
-4.553425920151249215e+02
-3.406960334667653001e+02
-8.644422012943873312e+01
-3.963594639581364731e+02
-3.317538677723708247e+02
-7.463968840506616687e+01
-2.472004929244367020e+02
-2.215942638415261285e+02
-2.142194226039937632e+02
-1.898788616428895466e+02
-3.164568138137015012e+02
-1.644857562533197211e+02
-2.470815986022570314e+02
-2.323134260985407025e+02
-1.786906920171536512e+02
-3.513405483963679217e+02
-2.509003283410264089e+02
-2.898607803402910577e+01
-2.183892338079279511e+02
-2.541021785584806878e+02
-3.784450328377914730e+02
-3.795722203735261360e+02
-4.558828223860296021e+02
-1.078732624034474838e+02
-2.705289509739947107e+02
3.289001319104162491e+00
-3.541447480999637776e+01
-5.923381861463434461e+01
-2.223146426451844491e+02
-1.689028439715582977e+02
-2.457900676442479551e+02
-2.425924777171529172e+02
-2.807188885122299666e+02
-8.939018217213798323e+01
-1.593879966231523611e+02
-1.240318619856085292e+01
-2.411869393746378591e+02
-4.484648214791751570e+02
-3.086020099527804632e+02
-7.286822232205096839e+01
-1.496434929181766051e+02
3.634047358854446941e+01
-3.755355367956000805e+02
-2.872823696026918583e+02
-2.565888415208152651e+01
1.108716443558098348e+02
-5.870045728045606381e+01
-4.954133470463420963e+01
2.953516132801527405e+01
-9.154784557048621707e+01
3.840414763948714949e+00
-1.984277442869139918e+01
-2.348371485448936369e+01
3.581594433975595848e+00
-1.553355385542500677e+01
-2.433437041459795580e+01
-1.641631179528740176e+02
3.235349545175853336e+01
7.647321904212192578e+01
4.262789666665922539e+01
3.320811394196317679e+01
7.459889188170940599e+01
8.840024019593724347e+01
-3.982655998708160183e+01
3.567020266802022377e+01
1.756323470015157540e+01
3.085150827366320314e+01
7.315681082955904913e-02
-1.069645800414146066e+02
1.115926585018937374e+02
-1.467923132488820670e+00
1.154184396249944626e+02
1.068929239870140719e+02
-1.177646695859283312e+02
9.808516424718210658e+01
8.770524714056062976e+01
5.116492991009974389e+01
7.670586093970513275e+01
8.678801068599123880e+01
7.379604192951664743e+01
1.198103885994828630e+02
1.055843393212104502e+02
9.236305384310053057e+01
-7.798053437016669420e+01
1.121952306331903912e+02
7.048068702167422828e+01
-1.013380273805727398e+02
4.152505485415186115e+01
3.234022771109928840e+01
-1.548992297605427666e+02
2.581661815508978464e+01
1.331960863803464292e+02
-1.419917170510250060e+02
-7.071831986690889948e+01
-2.316751032470748726e+02
8.000521590656239823e+01
1.056257885225372775e+02
-1.186226422906036788e+02
9.503831561104865955e+01
6.982038240528042650e+01
1.559612804092241163e+02
1.293520813973755139e+02
1.295952483284380037e+02
6.340581070012858333e+01
9.845204781283304385e+01
9.020898012335230476e+01
-1.095091653315252813e+02
1.028498708281679797e+02
-9.359257557504759006e+01
-1.331757308539589815e+02
1.327616408409575115e+02
1.241457409137327659e+02
-7.611800474274406270e+01
8.636178731541534148e+01
1.151340276896684429e+02
-1.036139800098417396e+02
2.573543317901886240e+01
1.150207823603562503e+02
-9.097460093059189035e+01
1.343265947244172480e+02
1.829632154691547896e+01
1.042323902881493041e+02
9.144317537469930812e+01
-1.737540155022278441e+02
2.141739825370980554e+01
-1.075589683780298742e+02
7.407762961989762118e+01
1.005237329255857048e+02
7.230852526300914462e+01
1.039023371812441212e+02
9.236525645140241636e+01
7.661895292282598291e+01
1.005576457595689277e+02
8.676586580298685192e+01
8.184993336966574873e+01
-7.473719212834453174e-01
1.089976528735126635e+02
9.014146269873974404e+01
-1.598062464211037650e+02
1.022052076460044674e+02
1.111694263330216756e+02
9.499527356089892294e+01
1.830604085180399920e+02
-1.956879597225230896e+02
1.112720751246176576e+02
1.274753799111795161e+02
5.563141928857967855e+01
1.160581044599579741e+02
-1.797840802132548674e+02
1.499679204304746918e+02
1.467220148281821253e+02
-8.605927104004965145e+01
-1.304778701042799298e+02
1.171801147635407290e+02
8.215531239765341809e+01
1.505955689693847717e+02
1.261075459099208587e+02
1.411213614239899812e+02
-7.792220800335438469e+01
9.018772800664348210e+01
1.130361888281225191e+02
1.134286032263095763e+02
-5.654900180108917596e+01
-2.063065888547478437e+02
1.458877685820575891e+02
-2.797235742859830054e+01
-2.202543804511375924e+01
1.363137073339215704e+02
4.945719712986871741e+01
1.199514450148258220e+02
8.863976403144994265e+01
1.600338530452658006e+02
8.458325322507812416e+01
1.148271155563945456e+02
1.105870425591049724e+02
1.693609628998605388e+02
-6.565529832567717961e+01
1.242260834135885403e+02
1.594222771363325251e+02
-3.265318507314088947e+02
1.469586850482981220e+02
1.693438501024369600e+02
-2.300910922245481061e+01
1.344661177711079745e+02
9.751835453057944392e+01
1.137011731781322936e+02
-8.183474200586476854e+01
1.384361282924803902e+02
8.637959649909436166e+01
1.200996431479738362e+02
-2.226666909649358672e+02
1.209500282661939821e+02
1.663703484042625007e+02
1.387594722116789683e+02
1.361735093544232029e+02
1.570718499349158606e+02
1.406162938965040894e+02
1.249584168771137342e+02
1.512232086073641142e+02
1.450848042216052818e+02
1.410334570187852705e+02
1.150885590943362757e+02
1.319646009106619431e+02
1.297059387173104597e+02
1.677556848850132383e+02
1.232904797956607155e+02
1.255070818429943955e+02
1.421087421440056460e+02
1.507712537188513124e+02
1.438018231993046641e+02
1.505888262119844967e+01
1.325507287926134552e+02
1.191611895676743700e+02
1.329750452815210338e+02
-2.039482860030433926e+02
1.337429122033554165e+02
7.409885188809884937e+01
7.056155448172860645e+01
1.479561093035874535e+02
1.249171934000827946e+02
1.119381225162437943e+02
1.548016419888978987e+02
1.032004253264659894e+02
1.051075870480947145e+02
7.932626508626589157e+01
6.752104158218484997e+01
6.954328050113336701e+01
8.118263685031912757e+01
-2.001478067353829715e+02
3.531399470834963950e+01
6.452554751503497243e+01
-9.745117390677918934e+00
9.037653880360457492e+01
9.150776562679983783e+01
1.387575653653045720e+02
1.033585169509898947e+02
-2.678979123588432287e+01
1.231381072625977851e+02
7.111807451606655661e+01
1.167143090565750896e+02
1.431535098623200213e+02
1.019541578751357775e+02
1.123766045132070275e+02
1.959944202936125635e+02
1.408037159882694596e+02
1.443338037691724480e+02
9.925883385247416868e+01
-1.013472303269907115e+01
9.905844947676786205e+01
1.247873952333308836e+02
1.520284022910610702e+02
1.535196481337751209e+02
1.287793766441832020e+02
8.487855526551697949e+00
1.733357428592528322e+02
1.018332781926718127e+02
1.447974247150119709e+02
6.004805872143040801e+01
8.473886074087057807e+01
1.053146118482441125e+02
1.061778128328523962e+02
9.342532001785822615e+01
1.588363342332289960e+02
1.213607058038552253e+02
1.916328151194270220e+02
1.708738269927488318e+02
1.687544983171261208e+02
1.681067171914439484e+02
1.546542249197929664e+02
1.849349775319365392e+02
9.934487443256979589e+01
1.850926674178269309e+02
1.775700368590065068e+02
1.642802900147044909e+02
1.442024162903103104e+02
1.341611338097256976e+02
1.499756648007297883e+02
5.918450263786333210e+01
1.305020146411356734e+02
1.506510716117181516e+02
1.803631831475618696e+02
2.006357899699088136e+02
8.823319241420887238e+01
3.618354148935312509e+01
1.510740805358144030e+02
1.232188617654690006e+02
1.154703563794242882e+02
-3.861309544560911888e+01
9.589202509060541502e+01
1.803266331162773213e+02
1.728204494418220349e+02
1.612416172851438034e+02
1.265016300729898120e+02
1.227518953286651140e+02
1.623725547936723217e+02
1.520826698927940299e+02
1.567724183817621508e+02
1.175676678108502529e+02
1.563375239305907201e+02
1.637462087699351514e+02
1.499614825197789116e+02
1.855746675580727469e+02
1.359889942396828530e+02
1.753316133915845683e+02
1.517104642193119162e+02
8.763642838715804828e+01
1.052187281519933464e+02
1.631227182779060172e+02
1.359206619990807212e+02
1.515875374256768282e+02
1.319897452999349809e+02
1.537649672453682683e+02
1.710276053082070291e+02
1.339089901968693539e+02
1.416532675612976675e+02
1.617919125758632219e+02
1.683162698528141732e+02
-8.485938863767295004e+01
1.311077855338748464e+02
1.218061460743091402e+02
-1.734732532362121731e+02
2.557431878803023153e+02
1.094878306661240828e+02
1.042411126703079560e+01
1.493636532038368046e+02
1.149032734239613660e+02
5.024773121047610402e+01
1.405880105466574719e+02
1.398129801654667972e+02
1.692622932379326244e+02
7.543662137120689692e+01
1.601936471729876246e+02
1.423244983242338435e+02
2.705025089561163441e+02
1.562155307458059497e+02
2.894874372481999103e+02
2.582083724573301424e+02
1.273901365951854103e+02
-1.058679897888680443e+02
1.521876745361825272e+02
-1.145323484678873172e+02
1.410265920858329594e+02
-1.607141847097706489e+02
1.060540533725547903e+02
2.157750681578075103e+01
1.250703595929389706e+02
-7.240718780921062603e+01
-6.847458241292846992e+01
1.459497949230767517e+02
1.714624614495395747e+02
1.452331405664724571e+02
2.302958312971366297e+02
1.036804230805545188e+02
2.199002031720604577e+02
1.550611666923645942e+02
2.357156101877256162e+02
1.599198939723279693e+02
-9.251483110114628516e+01
1.579685899546291239e+02
2.625562237008537068e+02
8.555232921327308304e+01
-1.307923542501353893e+02
3.461052330068255856e+01
7.992236881164623696e+01
1.722303433131101826e+02
2.757810081275144398e+02
1.518127111601357910e+02
1.788459624912992751e+02
1.894405454935362059e+02
2.653727485787372871e+02
1.475803949933842318e+02
1.056564302879553878e+02
1.144628080316643945e+02
2.549278299199152968e+02
1.473644325991699304e+02
1.112899209335614614e+02
1.213612731114767200e+02
7.810491903737859332e+01
5.750817799225283977e+01
1.507851099553841436e+02
2.893572136127448289e+02
8.766577627884551305e+01
1.566413382260115839e+02
1.305537332551803900e+02
2.464348583647459634e+02
1.618888990858895056e+02
2.409688817160127883e+02
1.474680118851477175e+02
8.027536637871484970e+01
2.539010276159234536e+02
2.570183377129628752e+02
1.411829879839328896e+02
1.019093081932736169e+02
9.226611910947563899e+01
2.733437764540494754e+02
1.391299507649891893e+02
2.909446754190723823e+02
2.661659632144207990e+02
2.102842170862479918e+02
1.468777696532159212e+02
1.123137141898085929e+02
-5.242020719104960591e+01
2.525322486068914714e+02
-2.563639108906721731e+01
-4.743399372826036142e+01
1.106242214586459482e+02
-8.463080169240157602e+00
1.241468920219942902e+02
9.499076258969122932e+01
-8.832007212236520388e+01
-2.408350434137045681e+01
2.469571085360839788e+02
2.599282006860902925e+02
2.692404857393628959e+02
-3.924320724166764762e+01
1.286282383413016817e+02
1.641908063125790420e+02
-6.188592039734673733e+01
2.475232404710376670e+02
1.203054839830049332e+02
2.591823437940678332e+01
1.583365120380962026e+02
1.795257688686862139e+02
2.626571285709366066e+02
1.079156389755823682e+02
9.088975888726102426e+01
2.641089646347797384e+02
2.565012440687215189e+02
2.499753698808449087e+02
2.876547221375110439e+02
1.118961648779677631e+02
1.316696561896893911e+02
1.012758322852477590e+02
2.307269807994564701e+02
1.562069576876314443e+02
7.822031246185802900e+01
1.234804351078074092e+02
2.020776752599398378e+02
2.877750553307000700e+02
2.634392396107164700e+02
8.498585082423386439e+01
1.829397539045264693e+02
8.292423563497081318e+01
2.880629150190939072e+02
2.567339462814369426e+02
2.654374298678290529e+02
1.404515145308893125e+02
1.000282700574301487e+01
2.876621596402953855e+02
2.534900438714968232e+02
1.515319275351620831e+02
8.044381696565993423e+01
9.857820864652515525e+01
3.041251866096242225e+02
2.576382082143668413e+02
2.896842260703787133e+02
1.108970750650172192e+02
2.656548107516252912e+02
1.573901909442626561e+02
1.654187801196977716e+02
9.802049361723383925e+01
4.793908318112025313e+01
1.556167456612143667e+02
2.495157430792640696e+02
1.330337499720985193e+02
1.674276606458546439e+02
1.019249995278202761e+02
1.798908806043024811e+02
2.689978484344176195e+02
1.129103105621344980e+02
1.275648398524067204e+02
2.473001146672656603e+02
2.528722733713411230e+02
2.148724045866866561e+02
9.623705085402727377e+01
2.869351488512615447e+02
1.154335353210034754e+02
9.831911640684455733e+01
2.774945582331336027e+02
2.858755816456451839e+02
2.856224283188427080e+02
2.588738724602201273e+02
2.592030535828238840e+02
2.800001226569604569e+02
1.430961656986206094e+02
2.487108531059528218e+02
