-2.360142428540049764e+02
-4.028355944546300975e+02
-3.987962865665701315e+02
-2.691056101955956024e+02
-2.158472634561949803e+02
-3.846150109017935392e+02
-2.129874543828549349e+02
-2.612339602673479817e+02
-6.555461832110289606e+02
-1.750824276429283088e+02
-3.288024862908346222e+02
-3.349317779848395276e+02
-1.753959910609201245e+02
-3.369144928814287141e+02
-3.251622428666448741e+02
-3.274879831779610413e+02
-2.805778239350438525e+02
-2.995817691016188746e+02
-9.114551430063876580e+01
-1.874614515682280000e+02
-2.517349319006285384e+02
-3.524134503844434789e+02
-2.125490071751412131e+02
-5.522548802128610532e+02
-3.592658219138426148e+02
-2.794446498880084846e+02
-2.045317230959295500e+02
-2.243852457836604231e+02
-4.193145800337237574e+02
-2.715054776807818371e+02
-3.691876722616214579e+02
-2.272826641261667362e+02
-4.392197735798727649e+02
-2.784578391615700639e+02
-3.443558724503148483e+02
-2.086308560535995014e+02
-3.820042803399571767e+02
-1.628263897682955985e+01
-3.631075275460545413e+02
-2.349232814274501209e+02
-6.703248486911110149e+01
-3.551827065758014896e+02
-2.984201246998436545e+02
-8.500068779000881136e+01
-2.847329218679684573e+02
1.303673811564827361e+02
-2.991043993959390264e+02
-3.620550486730110151e+02
-1.250669779441714979e+02
-2.256674653033434197e+02
-2.305754669569468547e+02
-2.691569261280742467e+02
-2.758826718473010260e+02
-2.091967703474875862e+02
-2.368374094211433203e+02
-6.046241757362699332e+01
2.828786308427842755e+01
4.493099523203861168e+01
1.512462986084600125e+01
-2.783155737088569595e+02
2.894535714718018937e+01
-2.848433812956928932e+02
-4.212301575165282941e+01
6.241481752071052824e+00
-3.199071832055835785e+01
3.681254037773280174e+01
9.058938206914629632e+01
-1.185866043459136137e+02
9.245074972551546466e+01
-1.243357593293423804e+02
-2.753060506830927352e+02
-1.261621845280184431e+02
-6.349756318048035553e+01
5.651221004001689607e+01
-1.348315889134639747e+02
-2.242226256097382588e+02
-1.896915338860352449e+02
6.408978779812137816e+01
-7.032270268448220918e+01
6.211953468775845977e+01
-1.722352238800055488e+02
5.899680701367375946e+01
-1.617545883044422794e+02
-7.453297123450050776e+01
1.216519573166192032e+02
-4.729629881775477429e+01
-9.943247424044859883e+01
-2.583851562235977894e+01
-1.355226116058798880e+02
-1.002233724191732165e+02
-5.315797261841082388e+01
-3.416418269750657544e+01
3.393867449823450499e+01
-8.677088465356420954e+01
-7.814877802430574150e+01
-6.409431515860367767e+01
7.273982048653552113e+01
1.304548125945329389e+02
-1.022807179606721206e+02
-1.557592858561237676e+02
-1.074859847214320752e+02
-1.157277156861739797e+02
-7.018384851259378365e+01
-2.007365366762107861e+00
-1.731259161484692299e+01
-7.665616039740629617e+01
-1.086483650929976932e+02
-8.982385765103391861e+01
-1.919562015899691687e+02
2.991946948986775467e+01
7.175064250273474897e+01
-1.067244288395990992e+02
-1.016043369099003115e+02
8.486219396633094547e+00
1.023784273947193846e+01
5.662268724537614872e+01
-1.123722660429574205e+02
-9.072855067477057389e+01
-1.148661507561820940e+02
-5.638255966364700100e+01
-7.103285757609889117e+01
9.192367223685646138e+01
6.012569469332484573e+01
5.865045295795599856e+01
6.691086535375777089e+01
1.006716489916257302e+02
7.823510701179924354e+01
-1.214886298471006256e+02
3.231342090363831687e+01
9.253661465183014911e+01
8.096160009677221581e+01
1.008561759343078457e+00
8.380964403471836022e+01
5.825750191121851174e+01
6.823750047768612603e+00
9.342647097157460223e+01
-1.281868115956907559e+02
4.736834673431444998e+01
7.158189893032152895e+01
3.318251940925276244e+01
1.371741872921606955e+02
8.495610704062612228e+01
-2.182481084251236325e+02
7.315705636287316338e+01
6.639737538568907382e+01
1.272131353069530348e+02
1.065920510124012992e+02
1.164797550168192828e+02
9.267376809686773242e+01
2.853178873978944807e+01
1.026024386915775324e+02
5.914464387103313925e+01
6.461276132901481617e+01
1.469372977644677860e+02
1.492603933755300716e+02
7.416536715554553894e+01
-8.763609863138884748e+01
1.344384549409213037e+02
1.261605572375223829e+02
9.405859854532859288e+01
8.635396046575414175e+01
9.133868573987152217e+01
1.270847875070456183e+02
-1.185842222978040752e+02
1.221630421848978187e+02
1.000922527552355490e+02
4.450224913217266476e+01
1.071548335076515883e+02
1.220923220135793912e+02
6.791830710455981546e+01
1.241235371297914440e+02
5.377387557309025112e+01
7.205625377019512712e+01
6.018731594556868458e+01
8.451273488124570576e+01
4.749228085394811671e+01
1.372252188370010515e+02
7.157828999843565043e+01
8.236476296725734869e+01
3.281492718899011152e+01
2.565882519830439179e+01
4.196653326880870338e+01
-1.060398400162116133e+02
5.830088402708393858e+01
-2.432990508619270997e+01
5.597484302502790854e+01
3.320576544233307459e+01
-1.147825537236247584e+02
4.375607983179249061e+01
8.510670840084488020e+01
-1.091101342227275239e+02
9.464242088575855405e+01
1.494770820492263113e+02
-1.227292643929343114e+02
1.278558189886387595e+02
-1.953695504446274924e+02
-1.056553961204638625e+02
1.156877460824771049e+02
1.548958922153342996e+02
7.783169560997905023e+01
8.657725921387870471e+01
1.296622154085320631e+02
8.519458913889290841e+01
1.254070608198669277e+02
-2.160910605355017822e+01
1.571410073840164046e+01
2.019404268981831763e+01
1.219828932846640299e+02
5.903577454056730289e+00
1.282600219278808424e+02
1.367982572907388885e+02
1.025767930391698997e+02
-1.083011189406357317e+02
1.043725173124689860e+02
-1.811232526570632899e+02
1.745094374405312010e+01
1.621679527981058868e+02
-1.080472956809218772e+02
-3.230501690213574761e+01
-3.001000516375157190e+00
-5.329726851313158420e+01
-1.157939837268429528e+00
1.358612081519636092e+02
3.665630373381173968e+01
1.618031600337611735e+02
9.929111903716690790e+01
-1.893773651566696969e+02
1.327861993114335633e+02
1.047851723528681163e+02
-1.496827236631090159e+02
9.164722290946788519e+01
1.073801664221696228e+02
-1.290560725361674486e+02
1.253885160366509126e+02
-6.675542885937971960e+00
-2.036304141668054513e+00
1.197657092473676528e+02
9.322490502432377468e+01
1.746054192123938265e+02
8.054953297312616201e+01
1.590600026627011800e+02
1.724074405184694854e+02
-8.678330476157256612e+00
1.189943798018538956e+02
4.630462030136936846e+01
5.084623457500711652e+00
8.283250280513594532e+01
1.669789377426239128e+02
-1.522022213428058990e+00
8.254812814419926781e+01
1.139103023929361314e+02
1.713684939468744801e+02
2.194321334067147689e+01
1.164251281247789223e+02
3.874926637072780977e+01
6.281430359963039223e+01
8.266302049543568842e+01
7.467702834586452809e+01
1.675673157303388905e+01
1.592648799610681181e+02
4.641516973940471757e+01
1.832084508809753629e+02
1.702438663392310616e+02
1.436059836741396509e+02
-6.758949533388923214e+01
1.663279402817873631e+02
1.773373243461839763e+02
1.085824632734387194e+02
-5.757477331914742535e+01
5.792015020382828538e+01
1.713250393697230436e+02
2.580828364622362869e+01
1.527381222239033320e+02
1.448732825422866028e+02
9.267733030869652566e+01
6.384233182321529654e+01
1.370095280963819846e+02
9.878710532520216248e+00
2.028090329059872374e+02
9.872500329244539330e+01
-1.773976061897454315e+01
1.742699651445917368e+02
1.510987444400350341e+02
1.750505946820346139e+02
1.073262194943047803e+02
4.931828344229535332e+01
9.426994378253039031e+01
1.806307224274890189e+02
1.496223131392322045e+02
1.678796748188738661e+02
6.729237492583862945e+01
1.072936839731592045e+02
1.837245190477094638e+02
1.550096830360876936e+02
-8.811453430802473008e+00
1.666303527562660634e+02
1.735215731363979899e+02
6.366683814777921668e+01
1.532882886632235113e+02
1.281032802150363068e+02
1.341780217824826593e+02
1.264258697814936454e+02
1.320453686769383523e+02
1.558433525314806332e+02
-4.546375078420017957e+01
1.548104982759766699e+02
8.739043963564020601e+01
1.917146944123804246e+02
1.941308958264592093e+02
1.527533741692312503e+02
1.603161099395408655e+02
1.530783197387200971e+02
1.962132884641508497e+02
1.162472612452863387e+02
8.130192056089795472e+01
7.347390592702268464e+01
8.748229068762110217e+01
9.814230880954939096e+01
1.474171943029749912e+02
2.029511238212427600e+02
1.370249387814137663e+02
1.839134198806944198e+02
8.330281796564176489e+01
2.599333137283500150e+01
1.376048480280509807e+02
1.061541637423421776e+02
1.364149766124418761e+02
1.466338221536493336e+02
8.324056530280886079e+01
1.125996577761593898e+02
1.975431126271012090e+02
5.620401345928982551e+01
1.520165728253217310e+02
-7.169278671038154016e+01
1.380349692162080260e+02
1.487927973132431703e+02
2.119797190450110804e+02
1.180697772319415861e+02
9.772344034978848981e+01
1.812809683921149428e+02
1.122883339426951608e+02
1.292808312737365100e+02
1.564941175129205249e+02
1.629823793498112536e+02
1.142046999638463518e+02
4.074133516228988583e+01
5.429919667984943032e+01
1.144222487378506088e+02
9.340980735149565817e+01
1.091916796542122938e+02
9.514283859616932659e+01
1.070693278147380454e+02
1.341718965107765200e+02
1.341946841864849489e+02
1.398800175987589967e+02
1.267573141861305714e+02
1.356661026770542549e+02
1.547999344626942957e+02
1.408962701224791374e+02
1.036112584702498793e+02
2.583612158218068089e+02
1.220557113748715494e+02
5.752442579744503348e+01
1.062039639343162065e+02
1.146569703764682657e+02
1.187051364077436233e+02
1.417775270614289411e+02
1.592720645580310475e+02
1.349867820161047121e+02
1.583603328442153213e+02
1.427810971371293931e+02
1.219353638816702130e+02
1.250900708884177277e+02
1.192243674986374202e+02
1.310982840528165525e+02
1.075355176949890961e+02
9.476182027248526651e+01
1.540948891809342456e+02
1.929628065566241162e+02
1.021234201938080588e+02
1.235124734327879565e+02
1.198978822697168738e+02
1.568104186902083086e+02
8.705762309947547806e+01
1.898902055447614146e+02
2.770086888958475129e+02
1.304544594681613887e+02
1.205503046931864048e+02
1.092458595340337553e+02
1.190620349431827378e+02
9.895613020405677673e+01
9.466305659451676036e+01
9.783132160371852137e+01
1.175278553710962228e+02
9.229444229496881746e+01
2.749367104487280358e+02
1.115271465123134078e+02
2.936253697283319752e+02
2.531717519498535296e+02
1.150892512883740864e+02
1.869591645975967822e+02
7.053605473480971000e+00
2.567371538365522383e+02
1.319103632101174242e+02
1.052883278709178541e+02
1.117926167656844569e+02
1.018021606280372566e+02
1.119852785538252675e+02
1.544239087844155449e+02
2.578946325176051459e+02
1.567470203719615256e+02
7.665677268802890865e+01
1.834651835678379825e+02
5.343785967950412896e+01
2.137516050613335494e+01
1.421714627812967251e+02
2.153846605394122093e+01
2.564848833001520916e+02
2.543338829831971566e+02
1.039858460185990481e+02
1.877281345107709853e+02
1.216728600223216006e+02
1.675445375062405731e+02
8.517800004537507164e+01
1.768411531355942259e+02
1.398527055701424047e+02
1.497220678653443997e+02
3.142778458334612424e+02
3.072614311270576763e+02
2.619257665832586781e+02
5.371875686748857959e+01
2.500049521159633628e+02
2.964606262836304040e+02
1.816496281663539492e+02
1.505707896929861249e+02
1.392138977716804789e+02
3.004227352975134409e+02
1.290826940272615957e+02
1.226248740455931312e+02
2.736187341716076276e+02
2.538843274163765784e+01
6.745801337459631952e+01
2.993043447612243995e+02
2.451216562315156011e+02
1.056218385560065656e+02
3.323026305899406729e+00
2.418917689433897067e+02
2.159017104753931449e+01
1.804462598740479109e+02
1.359141076347520709e+02
9.726907621374580515e+01
1.426298015119227784e+02
-1.161006675287701739e+01
2.490090173736259089e+02
6.582876147728431704e+01
2.850513033063314765e+02
1.173596823226419446e+02
2.782163961911177239e+02
2.941835846158983259e+02
2.803409336511741685e+02
2.467842584272302133e+02
2.568059885514533107e+02
2.468855894176914489e+02
2.099280153059594340e+02
-1.301242479452429102e+00
2.690721018907306643e+02
2.376160293719980245e+02
1.663148470022021002e+02
1.643912302517957187e+02
1.533682671956165677e+02
3.132930827727660699e+02
-1.146197000580192196e+02
1.299217473055236098e+02
2.697444540080674642e+02
1.862404164964108588e+01
2.889566521160553521e+02
2.527397137107538754e+02
2.554463301118062475e+02
9.224665643593603193e+01
1.742604399258472654e+02
1.729638489650868109e+02
2.568731746689788338e+02
2.866576356635221146e+02
2.789167159424173406e+02
2.306909789480162658e+02
1.021327562175930268e+02
1.318586689759042656e+02
2.549363737543006323e+02
1.461046833218480288e+02
2.663490144831498583e+02
2.982912341897452961e+02
1.288690768365045471e+02
1.565889890473738433e+01
1.636871888407138158e+02
1.786043916718168134e+01
-7.395757023371785976e+00
1.156380845370085524e+02
1.419482159015272771e+02
2.736542811770235062e+02
1.097070785503201336e+02
