-8.701420311319583334e+01
-1.146561702961814575e+02
-1.172943357138028802e+02
-1.053351503556446858e+02
-1.100504185136124562e+02
-1.027762247077680939e+02
-1.029731840770114815e+02
-1.091199731186030988e+02
-1.124146817538006786e+02
-1.162700764271646960e+02
-1.156676111000960105e+02
-1.163617626486267937e+02
-1.350292878822349962e+02
-1.437361767761221074e+02
-1.534474371653275853e+02
-1.561716615903234242e+02
-1.585295460354547288e+02
-1.562935995378063012e+02
-1.553873428803652530e+02
-1.501737093734804205e+02
-1.478018121421027615e+02
-1.457018010341959098e+02
-1.483743518171828555e+02
-1.459051987410149707e+02
-1.462469525572448390e+02
-1.465208441084180606e+02
-1.460321224376220357e+02
-1.454326331340718639e+02
-1.519066696199295734e+02
-1.496987190874823455e+02
-1.486701060350963814e+02
-1.463296590984423347e+02
-1.438390339833933922e+02
-1.414463653133055914e+02
-1.389970919251328212e+02
-1.401143390201372085e+02
-1.394843090557084224e+02
-1.367342335256500974e+02
-1.345814939591463428e+02
-1.348402330552537478e+02
-1.420974126545411309e+02
-1.466089510790664576e+02
-1.448292203379516820e+02
-1.447107655323522692e+02
-1.435278304993472602e+02
-1.412779164214716729e+02
-1.410367734476063504e+02
-1.394857438583227349e+02
-1.378010249891810304e+02
-1.395121875600643193e+02
-1.381290678137382315e+02
-1.366953213286674043e+02
-1.369887292638283327e+02
-1.359228196701005515e+02
-1.364584243528841796e+02
-1.363376506295834361e+02
-1.370879468538826700e+02
-1.382128578221109763e+02
-1.366998567345285380e+02
-1.388318535302914825e+02
-1.385710201942710000e+02
-1.392731352937092026e+02
-1.392398397323543691e+02
-1.390323107684611159e+02
-1.387078368628529006e+02
-1.391171179157455242e+02
-1.389387869501582031e+02
-1.400010954394287239e+02
-1.405909296981498073e+02
-1.397410314370427500e+02
-1.389137905392558139e+02
-1.412406972930197355e+02
-1.410001871262061002e+02
-1.403020911320484743e+02
-1.399488536981431537e+02
-1.382774098619403560e+02
-1.376863895158601849e+02
-1.366222060477299465e+02
-1.387873935745370488e+02
-1.377638997763842781e+02
-1.368585788142547699e+02
-1.366421633719149895e+02
-1.365245881465669413e+02
-1.356607887761239226e+02
-1.356556349716225895e+02
-1.347012778668316173e+02
-1.343932617249153338e+02
-1.346734203616152570e+02
-1.346593024149914299e+02
-1.342193000555026572e+02
-1.337110756594123870e+02
-1.345623453596591048e+02
-1.341369706988702433e+02
-1.328844826596802591e+02
-1.311681105631105027e+02
-1.302835803761444424e+02
-1.298988213637274214e+02
-1.293511304960244388e+02
-1.287195290342650082e+02
-1.281949468049302254e+02
-1.283516380758545665e+02
-1.269925394216706991e+02
-1.264196873431108514e+02
-1.260372910163250140e+02
-1.256164860064746307e+02
-1.254970762592821245e+02
-1.250168057369867682e+02
-1.241939481557959652e+02
-1.240188593560505126e+02
-1.235057506000393346e+02
-1.223965621939307198e+02
-1.215804810630235835e+02
-1.183858939587445462e+02
-1.157603559409199789e+02
-1.133389859888917215e+02
-1.120260460235282096e+02
-1.107291485442425056e+02
-1.102056522282157260e+02
-1.091341462294900282e+02
-1.095513960587526867e+02
-1.088976749234492445e+02
-1.085746665151529839e+02
-1.067244843525603528e+02
-1.067663642207745767e+02
-1.061735284612993269e+02
-1.048103568590247363e+02
-1.043824893581279269e+02
-1.034052940082770391e+02
-1.007020126102300850e+02
-1.004337007549894594e+02
-1.002935083105608527e+02
-1.001171205264682555e+02
-9.978278723349254165e+01
-9.944967005419377415e+01
-1.001234291551044606e+02
-9.896143913532102943e+01
-9.955158537603495006e+01
-9.816695687196856568e+01
-9.823865851418480588e+01
-9.740999995883315421e+01
-9.359357895759799817e+01
-9.046487082690845227e+01
-8.980017638085153919e+01
-8.966932386881826744e+01
-8.922668720755747529e+01
-8.939197439495902131e+01
-8.813675713094635000e+01
-8.915786862588883821e+01
-9.040512025212429137e+01
-8.877162937247645402e+01
-8.795110853260541717e+01
-8.753350308219373233e+01
-8.603652493048633687e+01
-8.520674981389160507e+01
-8.394333141670922771e+01
-8.420910790001479995e+01
-8.137577472995792505e+01
-7.974174907464845319e+01
-7.916018611038950326e+01
-7.671402696104634344e+01
-7.595722521148528017e+01
-7.487415328670721237e+01
-7.409281713730169372e+01
-7.286665802232734279e+01
-7.269681925067972372e+01
-7.002478831853976260e+01
-6.923660516543422716e+01
-6.758197829373310128e+01
-6.570691188112564873e+01
-6.449172946249375116e+01
-6.475537527942617544e+01
-6.394206754065260867e+01
-6.286152822406721441e+01
-6.351655095412298380e+01
-6.280355358287922485e+01
-6.288676905285580432e+01
-6.386481736352597949e+01
-6.284607441746841516e+01
-5.996624391882993166e+01
-5.928769711415231569e+01
-5.910350520504786687e+01
-6.040328964620452723e+01
-6.169129513017280431e+01
-6.126943832729131856e+01
-5.972023472838575486e+01
-5.928288333104094221e+01
-5.820110351393941528e+01
-5.611391215235224905e+01
-5.547348590785599498e+01
-5.590882890229229218e+01
-5.575682124271907725e+01
-5.354480873180492040e+01
-5.388027145835705767e+01
-5.393905201466905197e+01
-5.509258074954712470e+01
-5.529886632335261964e+01
-5.577991409097810305e+01
-5.569158838739571138e+01
-5.544704236829528554e+01
-5.594885813830585874e+01
-5.412321210762304702e+01
-5.400410984033639750e+01
-5.416817013724992336e+01
-5.405786183219112218e+01
-5.517561827054910850e+01
-5.528382503119447478e+01
-5.469784024944403455e+01
-5.323895770191278842e+01
-5.338686076615790910e+01
-5.249566869171760430e+01
-5.330084824948571054e+01
-5.346853191576987285e+01
-5.307850393017887569e+01
-5.360030517629456881e+01
-5.333660446064808980e+01
-5.246656795793234807e+01
-5.262699002874686727e+01
-5.157086432825788336e+01
-5.231520728271033249e+01
-5.142587270419987533e+01
-5.163456611591740852e+01
-5.172266948697596689e+01
-5.240845140887426368e+01
-5.328583475824150639e+01
-5.228573787075243473e+01
-5.420228981251416656e+01
-5.269777874004378049e+01
-5.172754024444911636e+01
-5.134153210980314697e+01
-4.998038077843037996e+01
-4.876862424363652337e+01
-4.861741545749935511e+01
-4.834989533386048777e+01
-4.699618989065807995e+01
-4.572090731634810368e+01
-4.609698473716495926e+01
-4.455262574323263891e+01
-4.657890740707522070e+01
-4.588063662347320815e+01
-4.473613001794601018e+01
-4.391956991231507601e+01
-4.350899912250993395e+01
-4.420759529261740539e+01
-4.307289431672825231e+01
-4.337956843239678761e+01
-4.199954127777450452e+01
-4.145807360657091323e+01
-3.924326177328948262e+01
-3.787212663499746412e+01
-3.715147429859868566e+01
-3.654186300485363148e+01
-3.565313442667453359e+01
-3.579217367371207104e+01
-3.499492364049676496e+01
-3.462757843492146037e+01
-3.283983958573044504e+01
-3.321446187797018723e+01
-3.224451421960176845e+01
-3.173109681234531010e+01
-3.111438992335077813e+01
-3.004422083646724317e+01
-2.898182131690331431e+01
-2.764003642792541982e+01
-2.738745191809216806e+01
-2.581251327363074211e+01
-2.648175905064018565e+01
-2.556858045929087098e+01
-2.494917788796405489e+01
-2.492612553422023680e+01
-2.511332275540612002e+01
-2.383638036400850169e+01
-2.094624115050955382e+01
-2.039098494679407736e+01
-1.808152872039449122e+01
-1.690253427211196424e+01
-1.727432384559808654e+01
-1.506474710679970919e+01
-1.462622275430023322e+01
-1.507087787912666776e+01
-1.459619694343746232e+01
-1.365501900700224702e+01
-1.076756386640648344e+01
-7.818761666880350347e+00
-7.103110690861760723e+00
-6.614840273274236182e+00
-5.912017812514584136e+00
-5.015489113715535296e+00
-5.064131977646083804e+00
-3.750710288665097369e+00
-1.795384867240273907e+00
-4.332017629502493694e-01
3.686018720361036727e-01
2.480672530838774481e+00
4.011512218452631728e+00
5.495683966216886596e+00
7.027732193105828529e+00
8.504970987133042115e+00
9.435860104942006998e+00
1.053542723063473652e+01
1.227378175531521265e+01
1.252857100585743666e+01
1.287001273584785821e+01
1.447894356358933621e+01
1.465482757688141824e+01
1.716234001448817281e+01
1.860347977104010297e+01
1.920875917800152521e+01
1.916700797617870933e+01
2.096660910491706531e+01
2.137514999310934272e+01
2.278383932519687249e+01
2.382871256457017495e+01
2.444973234172469034e+01
2.495845401093515648e+01
2.557810804054981446e+01
2.608315059345859410e+01
2.729579465084306023e+01
2.713025405255104872e+01
2.878546675838523683e+01
2.923453802949737224e+01
3.019434958502132815e+01
3.199089735988253480e+01
3.346937415458362608e+01
3.625276635072911802e+01
3.705948844908431283e+01
3.888230514735780474e+01
3.917094172209371550e+01
3.609128666217497283e+01
3.769230921397902989e+01
3.783573493030876023e+01
3.863209917562218720e+01
3.975058281360565360e+01
3.998570935804977466e+01
3.949590819373784711e+01
4.004395692676830265e+01
4.057130247892889230e+01
4.118048657309618932e+01
4.279718391593083737e+01
4.344656267656910131e+01
4.328248239323563240e+01
4.351563052466379133e+01
4.387766929552850570e+01
4.539206556970550821e+01
4.628567349970079903e+01
4.782221391576980096e+01
4.741398381336632895e+01
4.712625262201884624e+01
4.614798522697284966e+01
4.801354867736645105e+01
4.915099895197832325e+01
4.927001092169324892e+01
4.936528607546412672e+01
5.060804095844017780e+01
5.048127390234397183e+01
5.115842436952591754e+01
5.148923209833490233e+01
5.119425110338742968e+01
5.176425952099194205e+01
5.152689164010939038e+01
5.135099235047972144e+01
5.143927585044907858e+01
5.222799647182218763e+01
5.334427293536684545e+01
5.433769456887953453e+01
5.492577534394218475e+01
5.589366233196167855e+01
5.620195248572274949e+01
5.594318563005917611e+01
5.726397291709697157e+01
5.778803429874831465e+01
5.910341761580625786e+01
5.938957296138742237e+01
5.970481611822726364e+01
5.374913536318251062e+01
5.387209624115326534e+01
5.581097632980133483e+01
5.550887076039111179e+01
5.538635591902441746e+01
5.646235646742258751e+01
5.642319445672833922e+01
5.710016294795907754e+01
5.807246770248508483e+01
5.909002778756469354e+01
5.701945886279263220e+01
5.688092518773748196e+01
5.746063642664953619e+01
5.817925013187054617e+01
6.035541749895079278e+01
6.212463109385496551e+01
6.146909728428246922e+01
6.209468054499260603e+01
5.753866766181827330e+01
5.851557570482245296e+01
5.900549274519292453e+01
5.978149585425195056e+01
6.013236151526743356e+01
6.203600882345292433e+01
6.185045431000045113e+01
6.387463582673790086e+01
6.257662192323355299e+01
6.259345366735254856e+01
6.306703845706556422e+01
6.472548537120064793e+01
6.551936066308087447e+01
6.615300846387712852e+01
6.652888496829709197e+01
6.862208491440948421e+01
6.986716586784726246e+01
7.060371770738294117e+01
6.998579956726774753e+01
7.060588241627593220e+01
7.244362561702808989e+01
7.345285424925994278e+01
7.559501730308697631e+01
7.651418526548626176e+01
7.730294193427167215e+01
7.927872196498010737e+01
7.982241675848345608e+01
7.934487361988267651e+01
7.861780188339608344e+01
8.000254191804540937e+01
8.078801070117955874e+01
8.087872583519261127e+01
8.114284243283651676e+01
8.286935137931099860e+01
8.284457899106064360e+01
8.405997124651172214e+01
8.857112986893517359e+01
8.836868482949337533e+01
8.900220162854317607e+01
8.966278877113714429e+01
8.988236353323020467e+01
9.111231914744004712e+01
9.057866551389939502e+01
8.836666618074552559e+01
9.016129183753905352e+01
9.112363287057678463e+01
9.325881093478639627e+01
9.468306716351885655e+01
9.652429823376331797e+01
9.804937601596832053e+01
9.988129070249186725e+01
1.012613722122227529e+02
1.031363969802679321e+02
1.045952738040638508e+02
1.059698001811211299e+02
1.085579914204734138e+02
1.091634999326023205e+02
1.089322878590540142e+02
1.082253694555792691e+02
1.087717062604909160e+02
1.107565713013150344e+02
1.103535693918120302e+02
1.116860616511951889e+02
1.133565951068280953e+02
1.154028361045803308e+02
1.174788159860765120e+02
1.172025111447086800e+02
1.191967508799869790e+02
1.214385061043989253e+02
1.232727294739796662e+02
1.245895513537537056e+02
1.229832260455167159e+02
1.243284235339781247e+02
1.253196949196196215e+02
1.234351176795184273e+02
1.235579013807919324e+02
1.201438138888326961e+02
1.204863242748557752e+02
1.221441657246048038e+02
1.212283307387718025e+02
1.204470170927320254e+02
1.200241981947082763e+02
1.266164762496064782e+02
1.270490737555476670e+02
1.284647984544404835e+02
1.304866493553104476e+02
1.321117662677883970e+02
1.342982521482190350e+02
1.358176756411982922e+02
1.370229793928919833e+02
1.371145832046518080e+02
1.379039969304715214e+02
1.407885813650969737e+02
1.425768979766836537e+02
1.434565076162743651e+02
1.437351633265308237e+02
1.438857627755901092e+02
1.436567020969952466e+02
1.463616666717549322e+02
1.476517109228990705e+02
1.537603664930317393e+02
1.549506094930620179e+02
1.543254202689633985e+02
1.558727481715500289e+02
1.571196548421737020e+02
1.575908205121777144e+02
1.602747110714806240e+02
1.596372613828786484e+02
1.630839169415076242e+02
