-3.045922546406522997e+02
-2.871191427364467472e+02
-2.294301194300024633e+02
-1.840206827301086037e+02
-2.459060962506540022e+02
-2.196401174075476774e+02
-2.469025413886444369e+02
-2.655501499043337503e+02
-2.437886584330822757e+02
-2.314098733600323499e+02
-2.090333380348212984e+02
-2.140583941224037972e+02
-2.088372861419624940e+02
-1.988656387195119351e+02
-1.928843162292866396e+02
-1.858479866877112840e+02
-1.857936896283574981e+02
-1.804650947996348407e+02
-1.935092197392716571e+02
-1.902408658131845982e+02
-1.863865478288697375e+02
-1.828264203118131377e+02
-1.840930377340298776e+02
-1.902626942021884986e+02
-1.902851095477552690e+02
-1.867637933541168138e+02
-1.904656415852023486e+02
-1.873776680620398452e+02
-1.893466331111863497e+02
-1.884315650466548391e+02
-1.843072253059555692e+02
-1.818034306615603839e+02
-1.810962127509487800e+02
-1.808361202891478285e+02
-1.791015827952151938e+02
-1.776524592997041054e+02
-1.758156129797350218e+02
-1.745394883934523591e+02
-1.755284702925972624e+02
-1.729487997484795301e+02
-1.716838873936442269e+02
-1.671117488928292687e+02
-1.635661978810875326e+02
-1.597019524127829584e+02
-1.559832512164271634e+02
-1.563674157866576024e+02
-1.559111443380425328e+02
-1.549317141406507687e+02
-1.537009386285844528e+02
-1.584129252152314393e+02
-1.596212228756178320e+02
-1.572670162172246933e+02
-1.558176617102512012e+02
-1.554043520781512200e+02
-1.580687591825222853e+02
-1.571797524738156540e+02
-1.553400401919228955e+02
-1.542590436761886110e+02
-1.535757557577588557e+02
-1.531546312917299986e+02
-1.525537934102070778e+02
-1.518767045295778075e+02
-1.511756800653591313e+02
-1.515366670754292784e+02
-1.502080334297295394e+02
-1.485438094149909887e+02
-1.475547040594872783e+02
-1.464253766277178670e+02
-1.453709844907984348e+02
-1.470914763544422215e+02
-1.457318561339415623e+02
-1.448221658978804953e+02
-1.431746839218970990e+02
-1.419892921130864920e+02
-1.411233601721417017e+02
-1.405385151705557405e+02
-1.389820761523780277e+02
-1.411377271684407617e+02
-1.392552878745345879e+02
-1.376816473313110123e+02
-1.369468091200805020e+02
-1.369141704857539139e+02
-1.365587626888828652e+02
-1.363606297186883296e+02
-1.347124600784731001e+02
-1.337451004835573656e+02
-1.328596596511939936e+02
-1.334101627555084235e+02
-1.321652270837093681e+02
-1.316839308794548913e+02
-1.311019698722592182e+02
-1.297763921242129470e+02
-1.289658135795278042e+02
-1.275424153921909749e+02
-1.263337173156828896e+02
-1.253103922610422813e+02
-1.246119663284675880e+02
-1.238115505734146922e+02
-1.232691110945624615e+02
-1.227083949634683080e+02
-1.202798743744548631e+02
-1.178231793244426484e+02
-1.176248523108800157e+02
-1.176840483393649492e+02
-1.132519586335120181e+02
-1.147446938996096719e+02
-1.116442046587254282e+02
-1.076954750879074680e+02
-1.071349731266633967e+02
-1.068074829258713550e+02
-1.095594436110203844e+02
-1.077113495448240741e+02
-1.065244117103642765e+02
-1.064925531364917362e+02
-1.062896905152346108e+02
-1.051985635925383917e+02
-1.034035262969830029e+02
-1.010970998962926899e+02
-9.693575422105963924e+01
-9.549186543801386051e+01
-9.470829479775672155e+01
-9.324172585105593214e+01
-9.090137740312484027e+01
-8.774769357808331449e+01
-8.601493566347723174e+01
-8.523870214039624216e+01
-8.214356967345528915e+01
-8.149121850231436781e+01
-7.947922123570596398e+01
-7.796610786916976110e+01
-7.768120768599085579e+01
-7.698832968519398889e+01
-7.530678897957746187e+01
-7.381034073244160254e+01
-7.269943552937071729e+01
-7.126157454094887100e+01
-7.004518190478894724e+01
-6.880653611724387986e+01
-6.691434784269961256e+01
-6.619086363504020198e+01
-6.493603900714013832e+01
-6.542878380915387027e+01
-6.474503326259213054e+01
-6.477922464249591883e+01
-6.478718487246148072e+01
-6.242797227973505869e+01
-6.128927001141236275e+01
-6.012548721725989509e+01
-5.857858903646712889e+01
-5.443740098960737583e+01
-5.262937647643609296e+01
-5.197927116822977922e+01
-5.147739253460571263e+01
-5.062006441646551735e+01
-4.986829820076484765e+01
-4.946203957072768276e+01
-4.837041057355867224e+01
-4.751073922295633878e+01
-4.674312657648449232e+01
-4.458869728102600050e+01
-4.301141449420658347e+01
-4.219501483923949081e+01
-4.186839126432430191e+01
-4.077026231713004023e+01
-4.298138717423313437e+01
-4.216201869186177476e+01
-4.252652052859197340e+01
-4.167667605456486513e+01
-4.021401772388679063e+01
-3.768536787775371266e+01
-3.715516836665296552e+01
-3.559419381872469756e+01
-3.513937571691107564e+01
-3.474623482076339798e+01
-3.400018290049503378e+01
-3.246019616535663488e+01
-3.275303797131110883e+01
-2.883266174677584459e+01
-2.817136460199864345e+01
-2.816009449765383721e+01
-2.765696480703008930e+01
-2.717842121575805336e+01
-2.699717113101045385e+01
-2.670101858417826790e+01
-2.651465166225703740e+01
-2.681666725257687744e+01
-2.596567665872401420e+01
-2.278068859009561820e+01
-2.248182310185429600e+01
-2.163090572681511148e+01
-1.989253140374627193e+01
-1.961061294537203281e+01
-1.961925709726268607e+01
-1.870403777595280204e+01
-1.769047320025498138e+01
-1.772280293042725674e+01
-1.623139670231162768e+01
-1.585711759734884652e+01
-1.575388027685992220e+01
-1.501297132106190446e+01
-1.502502718206936905e+01
-1.347670426672273791e+01
-1.337016336539456418e+01
-1.172647724802304481e+01
-1.038769075812679610e+01
-8.383660601168811510e+00
-7.695061886379620297e+00
-6.570573729839410682e+00
-8.134792951547670015e+00
-6.364302798980995490e+00
-2.661943261289300366e+00
-2.265702182866252468e+00
-2.666460517807615727e+00
-8.237156428092022864e-01
-1.526452995461420326e-01
-1.729399386814811868e+00
-1.857897089926972667e+00
-2.536819725120075031e+00
-2.720464235929662244e+00
-3.329283822007357507e+00
-1.726861413444367166e+00
-2.189487663377247095e+00
-2.929762311400804009e+00
-2.530601774609745558e+00
-2.070089803277809892e+00
-1.484290058383613831e+00
-5.796528749444105344e-01
3.709997259418177928e-01
-8.747172916338201432e-02
-1.733219317178767982e-01
-1.126630997224442876e-01
1.075035366650505475e+00
3.420034890702832175e-01
6.838967924278596122e-01
1.919491353649126708e+00
2.588538597679383990e+00
1.571765542092724344e+00
2.761479203149905803e+00
3.593656255529569243e+00
3.551823454328602470e+00
4.444831806850387146e+00
4.863382137018428253e+00
3.150641629009553579e+00
2.936872247069967301e+00
2.429151922082276815e+00
2.687181925784415171e+00
3.242943753502720572e+00
3.255952879193006133e+00
3.832437397444349525e+00
5.928187907427786563e-01
1.900623473445484324e+00
2.394672871587506968e+00
3.007073778180916257e+00
4.438522475445363824e+00
6.263736902234160020e+00
8.168275327489105564e+00
6.129447603476422479e+00
5.889737372928023795e+00
6.158832328621749674e+00
5.681026460227799113e+00
4.932428874402918773e+00
6.595570833045919734e+00
7.357107964154521618e+00
8.475589040474778457e+00
1.175265910455127738e+01
1.187681940646733736e+01
1.276100277825018559e+01
1.236621125692431633e+01
1.133622213265393164e+01
1.279708394643924940e+01
1.310180688828100593e+01
1.336418615393734832e+01
1.388898790031847597e+01
1.408051324312979347e+01
1.484232814899239017e+01
1.552718285072513460e+01
1.580007937426703357e+01
1.556424765495785500e+01
1.539366646877155276e+01
1.707705555320782054e+01
1.843259540017691123e+01
1.735986943015467077e+01
1.797441804141135790e+01
1.854262759459325594e+01
1.879270416434088276e+01
2.019809096461402831e+01
1.977601837550902530e+01
1.950447064256325191e+01
2.042275015220139167e+01
2.098585917728491523e+01
2.126733479966992491e+01
2.274449689884181325e+01
2.453483756673344018e+01
2.475272717903758846e+01
2.454294326522839143e+01
2.474219240635487793e+01
2.498327748781881397e+01
2.585454465859198692e+01
2.745425101210818042e+01
2.876064562492313570e+01
3.047173315821074979e+01
2.974592121604353423e+01
3.062453700992958616e+01
3.049536448104549891e+01
2.861387297988936140e+01
2.995935871915461135e+01
3.109568945236106075e+01
3.046288730359640695e+01
3.285077408476647065e+01
3.315132802693901226e+01
3.313680340133699076e+01
3.397745322518161970e+01
3.536570266112919825e+01
3.531875675335925990e+01
3.638094048100561650e+01
3.861666550962838329e+01
3.941185914477276953e+01
3.926180441451992209e+01
3.982667570896858678e+01
4.097729877271396504e+01
4.063850844975826249e+01
3.861637132914943038e+01
3.973081637215128126e+01
4.056890952846028853e+01
4.094066865301900293e+01
4.177475472389855327e+01
4.165848241315133293e+01
4.197654356567361589e+01
4.312293540988112284e+01
4.395158818680436497e+01
4.275875229537007982e+01
4.178749748262651309e+01
4.142184304315063770e+01
4.219436499660607609e+01
4.249966793322982284e+01
4.226369736761014195e+01
4.397150231016567545e+01
4.367136428912034773e+01
4.351005933635730116e+01
4.391918750013692829e+01
4.383326577661072321e+01
4.426651918527385732e+01
4.654121816507814202e+01
4.736639067460807695e+01
4.830391984647972237e+01
4.886868765294647687e+01
4.915626939751719249e+01
5.008032451299865784e+01
4.963877056717547021e+01
5.407718060747178868e+01
5.213308451032268920e+01
5.216575752605871230e+01
5.009222736358461248e+01
5.082333861306824474e+01
5.162566747894075547e+01
5.100632357035997444e+01
5.359242087680362943e+01
5.509529161003218434e+01
5.592981291892628093e+01
5.607292129315111850e+01
5.767019560769418263e+01
5.573920738591654356e+01
5.788804726272526580e+01
5.818395306037230341e+01
5.921119410647228420e+01
5.791049560623797987e+01
5.862578148570865011e+01
6.038175167586692282e+01
6.306084437526049413e+01
6.411806823097114716e+01
6.527194706618158193e+01
6.510714554820060584e+01
6.500287151978788813e+01
6.662751180920348304e+01
6.745152442684528182e+01
6.731580423369830157e+01
7.030269011492411835e+01
7.250463642211785498e+01
7.286465049675315697e+01
7.231649064553808159e+01
7.282185420349483707e+01
7.397692557932521140e+01
7.512841647234375841e+01
7.568528352346595511e+01
7.651819703629853109e+01
7.634715949346623631e+01
7.739399796601897208e+01
7.736962545529205215e+01
7.678044303785573277e+01
7.715934678400968494e+01
7.727813904160453262e+01
7.615085342984828287e+01
7.638108177266934717e+01
7.628620177378644485e+01
7.699922998429950383e+01
8.016323723173164240e+01
8.122698302849775587e+01
8.262548949031770462e+01
8.228300296573880246e+01
8.054672627061486878e+01
7.896398357983089511e+01
8.066262217683451752e+01
8.142921992538700238e+01
8.149001388762852116e+01
8.355389246682881321e+01
8.496397764507264583e+01
8.505487511239411447e+01
8.728421088281390894e+01
8.787433672383860994e+01
8.974259619318959835e+01
8.987826080362292203e+01
9.177759763491316392e+01
9.316937448616073425e+01
9.184990743124086521e+01
9.393748595494480469e+01
9.271138124047737961e+01
9.448151934752506520e+01
9.701695663736936126e+01
9.979010656729327877e+01
9.891447088071616633e+01
1.006993972911246402e+02
9.976348577443286558e+01
9.937951123677976284e+01
1.008445024371689982e+02
1.031617285622238853e+02
1.024834890936897835e+02
9.898468123396770579e+01
9.988487368436634029e+01
1.020253970123230829e+02
1.036751795373612168e+02
1.075283662231282023e+02
1.102297851753509121e+02
1.121840791417420036e+02
1.141027535396667787e+02
1.108426497750364206e+02
1.112909327838109306e+02
1.106691786853579060e+02
1.125583449763985868e+02
1.137405401289460087e+02
1.151068712244652801e+02
1.165246235535559549e+02
1.185462374435665112e+02
1.198287323713220331e+02
1.219148318734527550e+02
1.239665138819904087e+02
1.246613060579089876e+02
1.258047440853613210e+02
1.262601519473599723e+02
1.283260237187057271e+02
1.290788365671108409e+02
1.326708193546525933e+02
1.341665385855345960e+02
1.383668349890565139e+02
1.390979156887221961e+02
1.410173818311195646e+02
1.428415428720876719e+02
1.444860826573040242e+02
1.458150267860098097e+02
1.475169502847560068e+02
1.487201848205453985e+02
1.484679862730581306e+02
1.512612237985203478e+02
1.514840872957822171e+02
1.531675547632811458e+02
1.542323220601387845e+02
1.569796026362003545e+02
1.590056028511491206e+02
1.599363151809805572e+02
1.592152866837294596e+02
1.585637348504390047e+02
1.597339694790237843e+02
1.610795633488313570e+02
1.631406686309242389e+02
1.640455818624604092e+02
1.650970686223947155e+02
1.668048956278014145e+02
1.664164381478784378e+02
1.661596267081176848e+02
1.679038547768343790e+02
1.692536312099389306e+02
1.698146522185311937e+02
1.734064133998444106e+02
1.739930797660143469e+02
1.745912564371280382e+02
1.759785953430482550e+02
1.782810326995518437e+02
1.797597608218023026e+02
1.810962159294467710e+02
1.788357038774122429e+02
1.802009650141924908e+02
1.810569067157921381e+02
1.830037510168941708e+02
1.828432726502005892e+02
1.842995577533746712e+02
1.854748830163958360e+02
1.816386341735117753e+02
1.817695445099575693e+02
1.823611875453639470e+02
1.843158707257774154e+02
1.870827248847930946e+02
