-7.111094454538418574e+01
-1.152916068307704620e+02
-1.139234167668868594e+02
-1.321879374460341978e+02
-1.203934186642102020e+02
-8.815296153177648364e+01
-9.252321440742450420e+01
-9.716992297001054624e+01
-1.215144589295138928e+02
-1.354330122262282714e+02
-1.327403520954653970e+02
-1.208319807302525959e+02
-1.332001127463482248e+02
-1.382179139292842081e+02
-1.456901496090023898e+02
-1.484894147680371361e+02
-1.559914043804560322e+02
-1.546186978511671271e+02
-1.472408453383978895e+02
-1.565001705003870143e+02
-1.523032669622317883e+02
-1.520067134991402611e+02
-1.494882223355923259e+02
-1.543932712076546920e+02
-1.576672428403659865e+02
-1.576054911647274821e+02
-1.540916861870261698e+02
-1.540820757961630250e+02
-1.533095946416305821e+02
-1.584787302203348816e+02
-1.575304998279037250e+02
-1.569198665922710347e+02
-1.567135069859744192e+02
-1.593639977596073436e+02
-1.598466451936872375e+02
-1.580590808368492048e+02
-1.575381693236459171e+02
-1.581078943210015098e+02
-1.549089987912835511e+02
-1.536989267973006577e+02
-1.520801504169901932e+02
-1.508276055957439894e+02
-1.561076947258316920e+02
-1.582931969729544335e+02
-1.607485686737807100e+02
-1.628032992640407883e+02
-1.604271541892501887e+02
-1.591006035779267904e+02
-1.575679013255332563e+02
-1.567608247321700503e+02
-1.545874908632643212e+02
-1.541549951809137156e+02
-1.534059379298774672e+02
-1.522265647012431486e+02
-1.504424089674914740e+02
-1.512231504244887219e+02
-1.528836615190755026e+02
-1.519352295324234490e+02
-1.505432729485342236e+02
-1.495791516443187845e+02
-1.485958173769552104e+02
-1.474986072122042913e+02
-1.460810111291717419e+02
-1.460180400069812663e+02
-1.442187940878655468e+02
-1.460092383519577197e+02
-1.490103365874052486e+02
-1.485635979091954084e+02
-1.478061936452990608e+02
-1.457291908398948976e+02
-1.448056805613638289e+02
-1.457436031715837146e+02
-1.449021575750942361e+02
-1.443210320481159101e+02
-1.434208172163070287e+02
-1.405340028349784802e+02
-1.408342026857593794e+02
-1.448191640260069448e+02
-1.438595330256381146e+02
-1.430717297349207797e+02
-1.423031759106087861e+02
-1.431608569613440523e+02
-1.422772688761255608e+02
-1.413225346817087882e+02
-1.398463275458593387e+02
-1.386892244041564197e+02
-1.383852382451080132e+02
-1.377533228871267568e+02
-1.368947671488786000e+02
-1.351994204620685878e+02
-1.342799305500982712e+02
-1.331229165152475105e+02
-1.335285845539398792e+02
-1.318053535264353684e+02
-1.317856697623332138e+02
-1.314018935272079887e+02
-1.306535338801396051e+02
-1.315884031108131751e+02
-1.304730257352781848e+02
-1.292339201743212413e+02
-1.303010119659940642e+02
-1.293862571626552835e+02
-1.287333619125166706e+02
-1.277015329497390468e+02
-1.275698332856201915e+02
-1.279749426944577522e+02
-1.273945746638608938e+02
-1.264227266317914484e+02
-1.234707822394741754e+02
-1.211278724014179176e+02
-1.208715682648626739e+02
-1.210543473891881376e+02
-1.188625096550053115e+02
-1.189623513290905663e+02
-1.175814071844756228e+02
-1.164041028231552133e+02
-1.133692408624146850e+02
-1.123016137767307043e+02
-1.129530573849524870e+02
-1.104101308381570021e+02
-1.104910172705838107e+02
-1.096544629258896606e+02
-1.110135085996982411e+02
-1.087613785710977226e+02
-1.069429599973441753e+02
-1.057160286855757363e+02
-1.051756962907925868e+02
-1.049276670190189691e+02
-1.072781617653199504e+02
-1.047588740011508861e+02
-1.039297110788792935e+02
-1.037852337368603060e+02
-1.026487947710098183e+02
-1.003182098085609653e+02
-1.010767514859066409e+02
-1.017859701731487263e+02
-1.007921788350998327e+02
-1.007344274022804882e+02
-1.010860458516715710e+02
-1.004483456669827177e+02
-9.977143166497718596e+01
-9.908197910054815338e+01
-9.556518272797035252e+01
-9.257816664716904143e+01
-8.938618483350055044e+01
-8.787028650160073084e+01
-8.733375393577956913e+01
-8.689590263992943164e+01
-8.644242219988980480e+01
-8.525765987157146242e+01
-8.497421646411171992e+01
-8.491882503985709718e+01
-8.438069305974637757e+01
-8.482583623089925595e+01
-8.567352320034764546e+01
-8.439494617313930291e+01
-8.345118980008710707e+01
-8.296945560158104627e+01
-8.265389379471349685e+01
-8.325167878126887899e+01
-8.256005854865659899e+01
-8.169898828766386600e+01
-8.284374850099187881e+01
-8.157610467740468607e+01
-8.107641255772567490e+01
-7.957383525361584020e+01
-7.768127110297309912e+01
-7.730773039493961107e+01
-7.638443827339355607e+01
-7.733089644284653730e+01
-7.699781657225743459e+01
-7.513223564816807709e+01
-7.451410891224291788e+01
-7.299389583020222005e+01
-7.259858460112795342e+01
-7.339692252179924026e+01
-7.333692506708514713e+01
-6.905383915086029845e+01
-6.930335406694486267e+01
-6.946069973763134442e+01
-6.978795655380301355e+01
-6.912723485828244918e+01
-7.021666070085940703e+01
-7.092858437033804364e+01
-7.126657330413294744e+01
-7.109700587036087427e+01
-6.989270706372251141e+01
-6.965939527076324111e+01
-6.839860438494234529e+01
-6.863685988676526506e+01
-6.750021193547839005e+01
-6.735975046149583534e+01
-6.578381754325205577e+01
-6.874008284025245530e+01
-6.715146388898250507e+01
-6.606878601810352336e+01
-6.557353399272943761e+01
-6.394038684028740249e+01
-6.365803747741489360e+01
-6.341190153837737853e+01
-6.207769466844223416e+01
-6.139345787333653703e+01
-6.044795765773347540e+01
-6.003743757078005672e+01
-5.879346200881068540e+01
-5.914333125171057048e+01
-5.797531742266243526e+01
-5.735605973663268742e+01
-5.703732806300804725e+01
-5.681691670533529503e+01
-5.597596019435162873e+01
-5.622398696382842331e+01
-5.584288838822804735e+01
-5.342625050444705437e+01
-5.425162659610612792e+01
-5.365225604647866220e+01
-5.410107392247866898e+01
-5.374608999374729734e+01
-5.174940215042858682e+01
-5.048116874385497965e+01
-5.009573075314822432e+01
-4.885349471600323312e+01
-4.789547520418724957e+01
-4.675693290849423533e+01
-4.571890730831596272e+01
-4.449546815403252253e+01
-4.296485628783563726e+01
-3.988977256824839657e+01
-3.606714097940577091e+01
-3.611473297347647105e+01
-3.605373686814827039e+01
-3.456229521986262654e+01
-3.361701622318072680e+01
-3.270389840923435543e+01
-2.852465077096585944e+01
-2.632241454799510549e+01
-2.810777222872729908e+01
-2.629396807640022260e+01
-2.526968664679289134e+01
-2.555004413233346128e+01
-2.409966842372343621e+01
-2.379373184497590543e+01
-2.300084388273997149e+01
-2.331452385885009804e+01
-2.298098261549714749e+01
-2.092722623616718636e+01
-2.053231620680808689e+01
-1.884750867914212691e+01
-1.843782077013924336e+01
-1.783522746774259815e+01
-1.705154308043617561e+01
-1.641766171025650323e+01
-1.569321639465550966e+01
-1.379521051163131773e+01
-1.115209151038068924e+01
-7.573764833083840742e+00
-5.976654659705839201e+00
-5.294789123318899726e+00
-3.682703973445814682e+00
-2.665904276289364105e+00
-2.149419386909301899e+00
-1.625312539683175794e+00
-6.259594964668050432e-01
2.807546702915763026e-01
9.000349308428006179e-01
1.540247874827948005e+00
4.516558725613041503e+00
5.927015926711582061e+00
6.612796501952052708e+00
8.049138714648464088e+00
7.266552087275672811e+00
8.267207267949302718e+00
8.756014422259749352e+00
8.808441785680370728e+00
8.261664020251489049e+00
8.746089200107896033e+00
1.081165494246070402e+01
1.147955563943083668e+01
1.372109519257768184e+01
1.544996522291626384e+01
1.659973556692478525e+01
1.746671339030828918e+01
1.999721961081464272e+01
2.144250028376178463e+01
2.317806817108423800e+01
2.281678890482615429e+01
2.240950333388370908e+01
2.357162329669558432e+01
2.182838535773008459e+01
2.234833739613475601e+01
2.331573232783600957e+01
2.425008634979996103e+01
2.469777163721743918e+01
2.757494138585785137e+01
2.885150101769096054e+01
2.890370454751988305e+01
2.918150271476634217e+01
3.093177995633041633e+01
3.149072160860880487e+01
3.186713858629165941e+01
3.268436284558188731e+01
3.396289152025954650e+01
3.408866761905188270e+01
3.486412326849910670e+01
3.486461654749822969e+01
3.313101480728090564e+01
3.313261071391517021e+01
3.382242777810798628e+01
3.402169789912456821e+01
3.439851840936962901e+01
3.478624322144861480e+01
3.662084457702839302e+01
3.713472938049201133e+01
3.796619336625752084e+01
4.067685054844944403e+01
4.264725327588854498e+01
4.394012542768717111e+01
4.513493470206854141e+01
4.443011952572911127e+01
4.477238997085353134e+01
4.645509931182293428e+01
4.645935835378766399e+01
4.808262481767764029e+01
4.759157304510232933e+01
4.819427518150882861e+01
4.772200237733781591e+01
4.717169982722206356e+01
4.582001841081453364e+01
4.656552619251466041e+01
4.839603429502322740e+01
4.946341543857875678e+01
5.057810308004787458e+01
5.125944076317910003e+01
4.822591947691519465e+01
4.862722877363518137e+01
4.897042009957742437e+01
5.364326680464939301e+01
5.437917215732331755e+01
5.436600667972929557e+01
5.590994366424024520e+01
5.574903026836989994e+01
5.720724655218781862e+01
5.818798854699721801e+01
5.899428908038476749e+01
5.953558626810474408e+01
5.903172808309568609e+01
6.028585408057288930e+01
5.952892856172491776e+01
6.072419506430658487e+01
6.123434208096691833e+01
6.137759247055960543e+01
6.314649029302183436e+01
6.578014785048850399e+01
6.593734536713550654e+01
6.609344302328652532e+01
6.433849242186195738e+01
6.609849583693203101e+01
6.693853474509968748e+01
6.730488003420008170e+01
6.822402762309097568e+01
6.773525279589911463e+01
6.878383560572152078e+01
7.114146267329395812e+01
7.202203778509110066e+01
7.210567693738035189e+01
7.296504906875860286e+01
7.131615438276411112e+01
7.328055636904497305e+01
7.402237733228650995e+01
7.378754447085843537e+01
7.572870249045561764e+01
7.647557501665185953e+01
7.934951064200792814e+01
7.766859333332583049e+01
8.035282778335182741e+01
8.052053988875266555e+01
8.195358140752898635e+01
8.389189467469272188e+01
8.423279858456798763e+01
8.436966178376810888e+01
8.655540381521078075e+01
8.899115636320975398e+01
8.929760348915591806e+01
9.198921430701940949e+01
9.240205954524216736e+01
9.457742277958354293e+01
9.767384327402001531e+01
9.844902509373865485e+01
1.008085440855506079e+02
1.020767126413043115e+02
1.029946868170850820e+02
1.033987068236925779e+02
1.043138052029484442e+02
1.051871426634798325e+02
1.063438173954429260e+02
1.091211441859090172e+02
1.100893530037318300e+02
1.116835702521034506e+02
1.140824801782010098e+02
1.157986828855632808e+02
1.159643458008744830e+02
1.147427179916012818e+02
1.156505790634548987e+02
1.180985663077109109e+02
1.189283434389570573e+02
1.230402120022078520e+02
1.243257552139834985e+02
1.247923430618372720e+02
1.269416767876246723e+02
1.251189782995256081e+02
1.274744386457900163e+02
1.285739576550797096e+02
1.299730875282272109e+02
1.317725299783758715e+02
1.316308583431751913e+02
1.326470762037939153e+02
1.337654124410263421e+02
1.352055870064651799e+02
1.348623910611371457e+02
1.367541101676872586e+02
1.372303262060972600e+02
1.393564342530769125e+02
1.407797483449257356e+02
1.433244932244367931e+02
1.421856282521971195e+02
1.436816320548459771e+02
1.441201210874306469e+02
1.465802756957667725e+02
1.474393592238719748e+02
1.486478477669135430e+02
1.495350227343399183e+02
1.505809950552620933e+02
1.521024700261768601e+02
1.567738704488357087e+02
1.572434085658360345e+02
1.594657625860138239e+02
1.584002871654208775e+02
1.553648505909777100e+02
1.568213283482367046e+02
1.547979819744018926e+02
1.564402265237198719e+02
1.576505251733415491e+02
1.577968105345866832e+02
1.585720849047170873e+02
1.595533430589357238e+02
1.599756134341463678e+02
1.597231864448484941e+02
1.621400413976608661e+02
1.610607795431203897e+02
1.623259561474599764e+02
1.630508602372478038e+02
1.647667868843151098e+02
1.645484538292196248e+02
1.653625292710323720e+02
1.650213563859733767e+02
1.666719532934544930e+02
1.676492903366133476e+02
1.692525950886268333e+02
1.705670252696238833e+02
1.715692088576867889e+02
1.744886597694973602e+02
1.746078001058521068e+02
1.755762858641810453e+02
1.740424462818912730e+02
1.756592639369499693e+02
1.780588581919439548e+02
1.789318649353130581e+02
1.789939454477616891e+02
1.778397024585289614e+02
1.778176326899296953e+02
1.798039321322711714e+02
1.779091422740900441e+02
1.746915524948119014e+02
1.768024293298601606e+02
1.779270985276396857e+02
1.792208742467049660e+02
1.794591474484314233e+02
1.798734110848935472e+02
1.805873440693518148e+02
1.820049164599725486e+02
1.791196803859389775e+02
1.797844093556924747e+02
1.767315323068893065e+02
1.760748276957357064e+02
1.768054260687089254e+02
1.774008555323935354e+02
1.774362467929642548e+02
1.777436611032279359e+02
1.774583900671267713e+02
1.777535041957875137e+02
1.778567648039855271e+02
1.763135055966889695e+02
1.777665866455654111e+02
1.767607786578245168e+02
1.763063300054883200e+02
1.759267831090062941e+02
1.756401748918418093e+02
1.753100684697373310e+02
1.745098764401361393e+02
1.750499409213390436e+02
