-1.792074329741325300e+02
-1.936784689293553754e+02
-1.635956043469990107e+02
-1.457294888822526673e+02
-1.349879286439102088e+02
-1.269241511208144146e+02
-1.331917718305736855e+02
-1.418826727724402303e+02
-1.508945047811376412e+02
-1.727492250246110075e+02
-1.675950869165868653e+02
-1.837970271402308526e+02
-1.845108260422880164e+02
-1.801096826944556426e+02
-1.790183487228067065e+02
-1.740850985009097371e+02
-1.702254234894741103e+02
-1.687906698991851897e+02
-1.622647468791263634e+02
-1.728913542395281127e+02
-1.697105720108557136e+02
-1.759557223127544319e+02
-1.724881907181427891e+02
-1.896405936516553083e+02
-2.031387551527490416e+02
-2.025710595565581684e+02
-2.009955347870749165e+02
-1.974451437661789726e+02
-2.014832349468879329e+02
-1.986372674252281172e+02
-1.947029488249592930e+02
-1.929844520160498291e+02
-1.967839095044750763e+02
-1.940606372660864452e+02
-1.922277765277216872e+02
-1.887110068665024016e+02
-1.842855111099961789e+02
-1.851374321851971274e+02
-1.823145167663884365e+02
-1.800649478388682496e+02
-1.803128521815907845e+02
-1.784226212082963912e+02
-1.764426428415246448e+02
-1.772907356421074212e+02
-1.734008152550286184e+02
-1.713221164996365360e+02
-1.695753473807232865e+02
-1.693834380936399100e+02
-1.691276565793244799e+02
-1.668850894939312184e+02
-1.651631244830743412e+02
-1.635317502545088360e+02
-1.633963125875268929e+02
-1.616010440016499672e+02
-1.596455069422816848e+02
-1.609406815922522753e+02
-1.595464827577886240e+02
-1.592034802744861679e+02
-1.578883470557105966e+02
-1.566570738435289911e+02
-1.553736603553935822e+02
-1.544861573463169861e+02
-1.535283927748962469e+02
-1.526187345634848498e+02
-1.526544705935648381e+02
-1.511074888983468156e+02
-1.506519096133338280e+02
-1.479882223915366524e+02
-1.456073778439805722e+02
-1.448666649689351971e+02
-1.436088222914989387e+02
-1.433678965402751828e+02
-1.424647348167995347e+02
-1.416268981690139412e+02
-1.411570621366949183e+02
-1.403320814976144675e+02
-1.396340657474682132e+02
-1.400089442946444080e+02
-1.397947201850387557e+02
-1.404226783785983912e+02
-1.398075073858376243e+02
-1.391808347256645106e+02
-1.403549426697127274e+02
-1.399674633416582310e+02
-1.386004460558909841e+02
-1.377270717386597596e+02
-1.369292024717111076e+02
-1.363039945202790477e+02
-1.345879516997226233e+02
-1.337192153355049413e+02
-1.332156946416104972e+02
-1.329959401461297546e+02
-1.322072338175445338e+02
-1.315603431033660797e+02
-1.312142163055243032e+02
-1.304594567347366763e+02
-1.300344874445264054e+02
-1.306693656975977547e+02
-1.298951078975199493e+02
-1.291820397561655511e+02
-1.279888379864161436e+02
-1.259320415020433899e+02
-1.259015342810899227e+02
-1.257675213498342544e+02
-1.255765301975083474e+02
-1.261612948287529861e+02
-1.270027959945688423e+02
-1.258930557374439161e+02
-1.241623390355643863e+02
-1.202712381017143457e+02
-1.193813086095466502e+02
-1.167938823446562537e+02
-1.152359341044962520e+02
-1.139644514918598759e+02
-1.129938179731004624e+02
-1.118538708180392121e+02
-1.119276690025359073e+02
-1.107945825606196735e+02
-1.105323670924783102e+02
-1.067585702472457854e+02
-1.056677670400968907e+02
-1.033763639827067351e+02
-1.024873139840063772e+02
-9.677720806252165175e+01
-9.174756157851335558e+01
-9.089414146221099600e+01
-9.216350354059602523e+01
-9.382633627134576670e+01
-9.074039787687253522e+01
-9.044196112805883558e+01
-8.988495503163262867e+01
-8.804879811221297814e+01
-8.468140895304992455e+01
-8.390870530094051105e+01
-8.316022164490024693e+01
-8.361886338631029503e+01
-8.359918814652758101e+01
-8.206378272007974317e+01
-8.127973736795811988e+01
-8.031042191049672851e+01
-7.887198442515763475e+01
-7.832854315047690363e+01
-7.905397135867308123e+01
-7.682023037867287485e+01
-7.748891980606376251e+01
-7.668876520943145181e+01
-7.589490937339992627e+01
-7.698206765391282147e+01
-7.630509102259802034e+01
-7.605181416213339674e+01
-7.391176127302642840e+01
-7.381193404235195032e+01
-7.287448774005304131e+01
-7.182465667976556745e+01
-7.320145601546413161e+01
-7.131387919945868248e+01
-7.084761409565200552e+01
-6.944256912786126179e+01
-6.748699730078946857e+01
-6.634221076380151771e+01
-6.559720806643480273e+01
-6.460592144047251395e+01
-6.642603925677767052e+01
-6.422299950132108393e+01
-6.518286460167644236e+01
-6.627967648839502601e+01
-6.696496578924687526e+01
-6.754790832081302199e+01
-6.800890579191884910e+01
-6.687565350257352748e+01
-6.962812133515215862e+01
-6.858966171360847852e+01
-6.825264005604860529e+01
-6.730519530743265477e+01
-6.693169229131900977e+01
-6.628625589179870303e+01
-6.590724904620418556e+01
-6.522787545072297632e+01
-6.526187744780553146e+01
-6.501158592678640957e+01
-6.386837132537058892e+01
-6.269820122172320964e+01
-5.992564206354206391e+01
-5.946475792179328579e+01
-5.870646698554437393e+01
-5.827442761673475502e+01
-5.866552708783796533e+01
-5.771800610080377680e+01
-5.797114164398621483e+01
-5.756369446878980511e+01
-5.689853287230104684e+01
-5.532145379583324996e+01
-5.472256335447328723e+01
-5.336093409265583176e+01
-5.174063745901019473e+01
-5.045994212606458262e+01
-4.980729980670226809e+01
-4.862751534282381982e+01
-4.820602485249123959e+01
-4.764192529861237091e+01
-4.689368241226365797e+01
-4.643811812869805067e+01
-4.486475366655025709e+01
-4.347595041231515012e+01
-4.374914447321196320e+01
-4.295711002483218266e+01
-4.208693485521327915e+01
-3.998860572194556084e+01
-3.968967662657682638e+01
-4.178785532087545107e+01
-4.102434541797649104e+01
-3.915582367438795330e+01
-3.938735526644533280e+01
-4.048477527526840447e+01
-3.993374072305504541e+01
-4.211666502563272729e+01
-4.017192959947296771e+01
-3.942107004312826035e+01
-3.846625262426023539e+01
-3.851559061960725217e+01
-3.900003513596263360e+01
-3.829164249861457847e+01
-3.722608145120923950e+01
-3.783138105384514915e+01
-3.658270341383673241e+01
-3.497226063795930884e+01
-3.188544791276722989e+01
-3.045786461125716471e+01
-3.167956007267981988e+01
-3.018848546805004318e+01
-2.951048387008003360e+01
-2.912481473452113789e+01
-2.873893200511955470e+01
-2.835686045923825915e+01
-2.696336739046049402e+01
-2.660574603426158191e+01
-2.672675976433428247e+01
-2.626276328035244134e+01
-2.638039282259607887e+01
-2.543053951813202218e+01
-2.441356580421399514e+01
-2.396430693432710513e+01
-2.359889446404826074e+01
-2.365607967133459510e+01
-2.181103151867085188e+01
-2.200841592381646095e+01
-2.209542349646670445e+01
-1.867965037397784656e+01
-1.750801154110154911e+01
-1.626751577705861962e+01
-1.712817003679241878e+01
-1.622888353709407383e+01
-1.474807634290232272e+01
-1.464846135791067105e+01
-1.246568807042342719e+01
-1.105548319936321455e+01
-1.100124091091772449e+01
-1.003885783637634432e+01
-1.275592903446129434e+01
-1.220367301339796029e+01
-1.186392933619508483e+01
-1.124061425213323595e+01
-8.606582596769642990e+00
-9.087408362216821800e+00
-5.877139675392847984e+00
-3.264724241084094203e+00
-3.594765465974196772e+00
-2.852474623523983066e+00
-2.649802541277836099e+00
-1.878116703695323686e+00
2.091647453905623344e+00
3.189964791440988101e+00
2.969039173159793599e+00
3.325879102478991101e+00
4.590514858179207458e+00
5.138366231131134221e+00
6.228461412683093279e+00
8.323630354730818581e+00
1.014799621900185223e+01
1.259596336630215063e+01
1.314293761528418436e+01
1.375190188396625857e+01
1.390894512341530032e+01
1.471832543093340462e+01
1.496515503268449798e+01
1.584428406607576179e+01
1.688399604490937733e+01
1.704971055240701716e+01
1.780853001137320391e+01
1.864311227123328152e+01
1.979858507635231746e+01
1.966389659714127092e+01
2.037966826078827509e+01
2.042246316985683663e+01
2.077139176069381321e+01
2.079034529393618058e+01
2.015981420179682360e+01
2.165702351045886687e+01
2.212461547092443936e+01
2.288319522443462972e+01
2.280399477849532275e+01
2.203497444404204586e+01
2.246466368476999520e+01
2.262447743614954732e+01
2.451557096256620127e+01
2.597804100504106373e+01
2.879718562968281148e+01
2.813829434609763780e+01
2.885204048173390845e+01
3.171154940756560947e+01
3.169416564460227193e+01
3.157728553664709636e+01
3.342641239144433740e+01
3.520345685270328318e+01
3.496251445112349643e+01
3.804342295496731907e+01
3.803565265464049361e+01
3.813158175629941837e+01
3.811562573019055833e+01
3.941382762395745942e+01
3.952314928270904915e+01
4.018127506025965090e+01
3.982766349370534442e+01
4.156738580892724855e+01
4.157450659814389127e+01
4.225614543370183185e+01
4.314973616582366844e+01
4.514290744242337183e+01
4.728926109665984967e+01
4.798341255708933772e+01
4.819894453365044029e+01
4.801448099483069143e+01
4.796771449114381625e+01
4.807807072852050823e+01
4.718163403044601978e+01
4.834414117282583589e+01
4.958148686484162937e+01
5.025458657878198920e+01
5.125209704644299791e+01
5.080450404124918151e+01
5.091130328867767929e+01
5.224818573468389360e+01
5.428991624386802073e+01
5.588572385886592997e+01
5.517146588110890804e+01
5.573706578908110743e+01
5.677190039079824402e+01
5.667461079463681983e+01
5.687910883042049903e+01
5.672603340169121822e+01
5.736405163141415642e+01
5.821149954817278882e+01
5.999017145420521047e+01
6.029578803861817704e+01
6.074553390530842734e+01
5.970180759947730564e+01
6.143955505190771760e+01
6.186691294639133787e+01
6.401610292604361518e+01
6.325840064462106938e+01
6.530176384280457569e+01
6.527098842029305104e+01
6.678504475805283391e+01
6.733286148965564166e+01
6.813582921262590730e+01
6.883113575296211195e+01
7.200511462472799451e+01
7.436506097914538316e+01
7.691583619894893786e+01
7.701919839795834832e+01
7.891469326007334928e+01
7.947279433208507271e+01
8.102996393037270195e+01
8.211422766419516961e+01
8.422999676452447204e+01
8.653287324696820804e+01
8.698704053326214591e+01
8.675273547255260098e+01
8.596624412714791674e+01
8.767489911809794023e+01
8.944698905809963208e+01
9.012435388873358022e+01
9.231849191763103590e+01
9.353522099296766612e+01
9.523561035869951752e+01
9.717548297518405320e+01
1.000569997674702023e+02
9.880258219758367488e+01
1.007889175293222621e+02
1.015733023151292542e+02
1.009063282555157315e+02
1.022791146145349046e+02
1.032077802491228198e+02
1.048631467363829444e+02
1.062976507761782727e+02
1.081729852085539818e+02
1.115332335889778363e+02
1.132569542123782895e+02
1.158895321856679885e+02
1.180691466900941862e+02
1.203161711698541296e+02
1.222534876219058191e+02
1.240411705857296454e+02
1.259858152675634102e+02
1.278748791781324172e+02
1.288533353228383476e+02
1.306570169500677139e+02
1.316682881208637355e+02
1.340118430811259600e+02
1.355923810350693941e+02
1.376796370487474235e+02
1.386617570760384979e+02
1.399138826879116380e+02
1.409280927918099167e+02
1.438203391719866033e+02
1.408987003401619518e+02
1.426767681036016882e+02
1.437834911329928218e+02
1.460143832073528074e+02
1.472375768910615932e+02
1.449266930513535954e+02
1.458813094322195809e+02
1.479634557376678856e+02
1.483909532602097272e+02
1.501602625563757840e+02
1.505345735613518912e+02
1.520268758152722626e+02
1.539805632390316248e+02
1.557201952087343102e+02
1.564155779214180768e+02
1.587399624756997696e+02
1.540744595692201528e+02
1.561205299032878884e+02
1.521212080231122741e+02
1.534217373347270836e+02
1.555184382016284701e+02
1.571248228236222815e+02
1.576502016740151646e+02
1.594955330399209004e+02
1.615288206560450135e+02
1.632404191960073661e+02
1.645471324761266203e+02
1.666044799451401559e+02
1.631505491855505170e+02
1.639428807056073367e+02
1.664495366672610146e+02
1.681680681068605168e+02
1.705122821199955183e+02
1.714178956739706052e+02
1.733173026673674997e+02
1.737505757233418535e+02
1.725675007440453328e+02
1.725488256486079592e+02
1.698529259874388799e+02
1.716420722485558201e+02
1.728860209486619794e+02
1.731235611508444094e+02
1.743556183796633547e+02
1.753469622898789453e+02
1.779181608619754797e+02
1.782864596971231492e+02
1.803039870905852808e+02
1.754667469392600196e+02
1.752770423422233819e+02
1.762180392383617118e+02
1.744589204739406796e+02
1.759879268971297961e+02
1.758915246567648012e+02
1.747693380568924795e+02
1.762871525605898171e+02
1.764367600923068551e+02
1.778675409969716270e+02
1.773837677567166509e+02
1.757109388985527119e+02
1.755509426881676802e+02
1.756279580902174757e+02
1.766783762253298846e+02
1.774893927405696843e+02
1.807134731873051123e+02
1.811255372101565513e+02
1.811556604931968195e+02
1.809191142120400286e+02
1.809967212852804721e+02
1.802430539663324396e+02
1.796759506240186113e+02
1.799722255962462043e+02
1.797940498290552966e+02
1.827459224881425257e+02
1.828523770612720512e+02
1.841362443229010637e+02
1.847354472687880502e+02
1.855810447896192272e+02
1.852557631676529581e+02
1.857460928978314030e+02
1.858444954419584860e+02
1.861408412052147128e+02
1.841745310437481749e+02
1.816195889737292646e+02
1.796695251711628316e+02
1.793006479094812562e+02
