-1.108748052768198136e+02
-1.509408603944303593e+02
-1.214496868686054114e+02
-1.229894454546249705e+02
-1.139005263393751477e+02
-1.074292300281827437e+02
-1.422518285884028444e+02
-1.593916222123721695e+02
-1.640960607580863098e+02
-1.557001781694263229e+02
-1.522990212128136989e+02
-1.547539386374724302e+02
-1.573005807514704202e+02
-1.510990408943837338e+02
-1.474930375369807791e+02
-1.462227350717693071e+02
-1.558978792364515584e+02
-1.518884714578482260e+02
-1.478934833514397269e+02
-1.475757493074194429e+02
-1.413145160441218025e+02
-1.444377119346708866e+02
-1.445893782725835024e+02
-1.454298686793136142e+02
-1.488071531392133977e+02
-1.478937233841479042e+02
-1.457166507791276899e+02
-1.448690374525838820e+02
-1.449757051150224925e+02
-1.470156213544083244e+02
-1.449757521703855332e+02
-1.501600477623082384e+02
-1.501719607322976060e+02
-1.491650560565305739e+02
-1.514176912276570590e+02
-1.523482728973171447e+02
-1.492925892489775208e+02
-1.501718645812220529e+02
-1.477585982767159578e+02
-1.494136820831435273e+02
-1.499098222194041909e+02
-1.525394209291009986e+02
-1.518245359073641225e+02
-1.531826395241003809e+02
-1.537336478413660075e+02
-1.521815763998879163e+02
-1.559196415161579523e+02
-1.547565140220815181e+02
-1.524393501558640764e+02
-1.528126271353318089e+02
-1.510119115717828038e+02
-1.496629114040086961e+02
-1.477285780712215342e+02
-1.481188846960654075e+02
-1.490140497563938595e+02
-1.495274815099498653e+02
-1.511099293651145103e+02
-1.495569353759316584e+02
-1.481857443537130621e+02
-1.502702410700138955e+02
-1.486874342510944871e+02
-1.514291409755255984e+02
-1.512997587142565976e+02
-1.518881072151649789e+02
-1.506779134772182545e+02
-1.499731163941646912e+02
-1.487154775307603813e+02
-1.468765255210416854e+02
-1.458361035281361069e+02
-1.478258270185818901e+02
-1.478330770689261726e+02
-1.474380401594616501e+02
-1.453740881316478522e+02
-1.441712451820300487e+02
-1.437361588814413835e+02
-1.427388902479785315e+02
-1.425683813993636875e+02
-1.424027904290585127e+02
-1.414945346614383936e+02
-1.403568100316867060e+02
-1.409547252476442623e+02
-1.396153881468638360e+02
-1.383611793370221505e+02
-1.377196130564514931e+02
-1.370664526835615504e+02
-1.359525310304584593e+02
-1.340282982936673477e+02
-1.339271295622508546e+02
-1.327677515958044125e+02
-1.322061833579426207e+02
-1.321377549937309936e+02
-1.309111032837967343e+02
-1.305814554758357815e+02
-1.298524137579355227e+02
-1.292494817967416623e+02
-1.283819414487234383e+02
-1.283103599940135098e+02
-1.277824192206969371e+02
-1.277255715669104319e+02
-1.284497665369921151e+02
-1.285830222006624410e+02
-1.271654544160890339e+02
-1.272805983859994967e+02
-1.261499747339098718e+02
-1.260058021738075809e+02
-1.260600678217072215e+02
-1.229874158729213747e+02
-1.209978419449517588e+02
-1.192740258132360225e+02
-1.188400275586858754e+02
-1.180798167058128456e+02
-1.171128490986441619e+02
-1.156029082726858661e+02
-1.154378135105237675e+02
-1.144805724324534992e+02
-1.131192195420848066e+02
-1.103095803628914240e+02
-1.100923974869600386e+02
-1.093353009670267397e+02
-1.077748701993125309e+02
-1.087212552463682584e+02
-1.069463490175051561e+02
-1.052280384378051110e+02
-1.042900574678346288e+02
-1.019516646456740858e+02
-1.014429587769469379e+02
-1.007028857752596878e+02
-1.003726991314076429e+02
-9.935588213907540478e+01
-9.679478691385902778e+01
-9.634975478682858352e+01
-9.350316044902113788e+01
-9.231540163472766380e+01
-9.131374810790930496e+01
-8.927425294040229176e+01
-8.737814558017315392e+01
-8.720651879855547861e+01
-8.590945955592125927e+01
-8.556186894385088237e+01
-8.345420941791880409e+01
-8.252951288693620313e+01
-7.985488981872030934e+01
-7.876474089732228379e+01
-7.712317503809109098e+01
-7.537195463948108909e+01
-7.526629543815703016e+01
-7.157745593040949927e+01
-7.066538633740738362e+01
-7.069890679708484527e+01
-6.917057768506201398e+01
-6.850139642103381732e+01
-6.796080606591935691e+01
-6.707791142543632645e+01
-6.565944886581338835e+01
-6.389257647691218978e+01
-6.224787942420348941e+01
-5.984126503911005557e+01
-5.960330725250141626e+01
-5.885841889782621195e+01
-5.601122331727830073e+01
-5.607585817675972351e+01
-5.340210438657599923e+01
-5.202014181921133940e+01
-5.050603452019345241e+01
-5.006106665715446979e+01
-4.842924685275110619e+01
-4.806636236746361845e+01
-4.733259777690478387e+01
-4.653221077284295149e+01
-4.276355995204682614e+01
-4.275534140729862997e+01
-4.191524231822026536e+01
-4.164572785781284381e+01
-4.114043010047262783e+01
-3.905268183355965306e+01
-3.812605776496139498e+01
-3.711178035221193738e+01
-3.554987776176146497e+01
-3.473200767188607330e+01
-3.381114278712851018e+01
-3.312938350017793709e+01
-3.204720470200042826e+01
-3.227391233626429567e+01
-3.135719429337651576e+01
-3.059847695340988594e+01
-3.063059740007926379e+01
-3.248491139945760864e+01
-3.156278645800342986e+01
-3.192057113284234759e+01
-3.099874178947236913e+01
-3.027165087808167598e+01
-2.936779962657465504e+01
-2.892702544152557209e+01
-2.859916426888165120e+01
-2.769489322094123551e+01
-2.714356860586684306e+01
-2.669523803886212221e+01
-2.605066970040792640e+01
-2.465871921201721406e+01
-2.234538560829476239e+01
-2.089264047264267532e+01
-2.229646768162364978e+01
-2.074461564540736092e+01
-2.023408646464718430e+01
-1.869422003644761077e+01
-1.731277932167229139e+01
-1.664396281040783521e+01
-1.600323834855986149e+01
-1.599132499477406633e+01
-1.674407634829935887e+01
-1.625972429239767436e+01
-1.556017885380611432e+01
-1.508325513647208460e+01
-1.506411131243135593e+01
-1.573069263030144072e+01
-1.621856270596467908e+01
-1.729778973906798356e+01
-1.680918394022287998e+01
-1.650681410013666550e+01
-1.641934876966351453e+01
-1.594638872287777964e+01
-1.597370997555022143e+01
-1.894756292803612752e+01
-1.848184557878173706e+01
-2.079758713585057350e+01
-2.018150618537238117e+01
-1.970351748429855476e+01
-1.820788676446911225e+01
-1.827911650932121645e+01
-1.867830360206312790e+01
-1.831038598353923774e+01
-2.035694359137755427e+01
-1.980769259506465829e+01
-1.965052969979037201e+01
-2.007992628968417037e+01
-1.952560817454573083e+01
-1.937587608808179951e+01
-1.836292057880574902e+01
-2.067450837597286295e+01
-2.214890735744729255e+01
-2.158789096387023676e+01
-2.383928045308026356e+01
-2.449130080183054758e+01
-2.543521507956683436e+01
-2.676938412863178129e+01
-2.641962525522497884e+01
-2.656811094071115065e+01
-2.693922964936075104e+01
-2.619214071223087004e+01
-2.938154542719556872e+01
-3.255825005006395401e+01
-3.200040740153980323e+01
-3.374098901136969175e+01
-3.296541743377239442e+01
-3.249273524122811807e+01
-3.243773592053099719e+01
-3.241401480888828246e+01
-3.260334914076697999e+01
-3.258229084657996566e+01
-3.252095413783803934e+01
-3.164267235931928113e+01
-3.084758306671487915e+01
-2.996321639276106907e+01
-3.007977135329477747e+01
-2.973336987789751262e+01
-3.122818625161564654e+01
-3.147971753921059346e+01
-3.196570764459399783e+01
-3.179273454367848473e+01
-3.241414893531981534e+01
-3.075179402453204958e+01
-2.909560534195021475e+01
-2.979619278261673188e+01
-2.925504487519042840e+01
-3.098063239805212277e+01
-3.152429439252124510e+01
-3.112598720407858366e+01
-3.088870518604476345e+01
-3.042210336502605017e+01
-3.214115064387464571e+01
-2.969691578125489428e+01
-2.990326943595984233e+01
-3.107757643183982665e+01
-3.179383841686144052e+01
-3.181345325398935131e+01
-3.257290986560094836e+01
-3.079393038075400568e+01
-3.001386873176490511e+01
-2.942626250866037196e+01
-2.880753803515650446e+01
-2.790680246582900637e+01
-2.794486652258256498e+01
-2.859071162429914281e+01
-2.785790266260257297e+01
-2.749903699097559340e+01
-2.754655711168693699e+01
-2.580862588163787308e+01
-2.520848441507369486e+01
-2.471083322398210669e+01
-2.450246697696008980e+01
-2.334326985201078131e+01
-2.209269473322300215e+01
-2.172675057675512278e+01
-2.239763406227299924e+01
-2.221541753175517897e+01
-2.309906031439441776e+01
-2.309077644661530471e+01
-2.292243921561739128e+01
-2.264008366021897345e+01
-2.017921061282195438e+01
-2.025870880311795474e+01
-1.981464531276766294e+01
-1.982846032949117898e+01
-1.798780362443686798e+01
-1.507750828255425191e+01
-1.434512489058143103e+01
-1.255966388206023332e+01
-1.253819882951980702e+01
-1.204761590194188337e+01
-1.114572300686781325e+01
-1.023772048569292892e+01
-9.163869008898064550e+00
-6.364416923285384442e+00
-3.786586901030935426e+00
-2.394744266532122801e+00
-2.142570086198283708e+00
-1.204622424555402027e+00
-7.276870100145133025e-01
9.439503661860945138e-01
1.524118201657964633e+00
1.711199137280101423e+00
4.186566614113921503e+00
4.034146407194628026e+00
3.923335997755369231e+00
5.078641004064585296e+00
2.738401558285342929e+00
4.256257086943491252e+00
3.441989760620897343e+00
4.485790965754238968e+00
6.928977920694027404e+00
8.379843253680890669e+00
1.103356426200676133e+01
1.319839981068992962e+01
1.482532621552467234e+01
1.590679743476540509e+01
1.660909061512669993e+01
1.682930384188276562e+01
1.800163877903711551e+01
1.834730227867723329e+01
2.122335601095111457e+01
2.602804392368057051e+01
2.691325347807042689e+01
2.853900885502428508e+01
2.859535505376312869e+01
2.930462355641502370e+01
2.683171126628206338e+01
2.330459493122761216e+01
2.505124714643789119e+01
2.590283518295619203e+01
2.605542712182742093e+01
2.611070341925591975e+01
2.732616649878483273e+01
2.687576302875317680e+01
2.859905248038323577e+01
2.949642342832263253e+01
3.030058046941466898e+01
3.300704725635707604e+01
3.370203136217682527e+01
3.440461105879644776e+01
3.135045056306217148e+01
2.992221773368666149e+01
2.837433284109090792e+01
3.036387146090596545e+01
3.091418629490187797e+01
3.200198044523740037e+01
3.274560733941127921e+01
3.469301224408214068e+01
3.527650616163591479e+01
3.462836804661801438e+01
3.656580300283197005e+01
3.699964398279110611e+01
3.626635017947947404e+01
3.785115652333845304e+01
3.970620556957603497e+01
4.134782603145161062e+01
4.532667391144492086e+01
4.630126336963053291e+01
4.569502295845752826e+01
4.605351038277939324e+01
4.664332402843894698e+01
4.778972875823239264e+01
4.762847596417309148e+01
4.953183933778551307e+01
4.877778611766384387e+01
4.899892674392210523e+01
4.807366626882266303e+01
4.789396153538881862e+01
4.839312226068700795e+01
4.894664901994110551e+01
5.047803563688723472e+01
4.962385074971839316e+01
5.306025726262564746e+01
5.362434036303508123e+01
5.483694574909398511e+01
5.458245844987843043e+01
5.747875468170303748e+01
5.882597445171751360e+01
6.018153139037627852e+01
6.053405899140983593e+01
6.146339950953692011e+01
6.179161375176087745e+01
6.317465138162885552e+01
6.437462125343549246e+01
6.378983554448012683e+01
6.257189591990388777e+01
6.352196110603374279e+01
6.238793412038982922e+01
6.379644859437001969e+01
6.259264323782192463e+01
6.266871277555096498e+01
6.463105015934412734e+01
6.452288583336846273e+01
6.683968499427577115e+01
6.342990606185214375e+01
6.649942885186229091e+01
6.634420808657002055e+01
6.809405888030123322e+01
6.641277773289833419e+01
6.574271285037309553e+01
6.627376932293356049e+01
6.685947800268085928e+01
6.907661439083581456e+01
7.113571053173376413e+01
7.316503586880718046e+01
7.433754101099174250e+01
7.448886261007832843e+01
7.341702325444286714e+01
7.494645506387553269e+01
7.624608427633346253e+01
7.586259745709050151e+01
7.570643227453631141e+01
7.614789475818712106e+01
7.725918337607834019e+01
7.809989617545105034e+01
7.900634494304580357e+01
7.980418802553546698e+01
8.166311366978170838e+01
8.173260676147246784e+01
8.323977266235024786e+01
8.559767117108550849e+01
8.504643659199969363e+01
8.489684572972160481e+01
8.501291294484798300e+01
8.440616603502901683e+01
8.355871534121533273e+01
8.643226479120922079e+01
9.242165769560391198e+01
9.178549448108506681e+01
9.330956081158234383e+01
9.378381268991952879e+01
9.385183887390289215e+01
9.355831817300368414e+01
9.570384361964171660e+01
9.484914801593885159e+01
9.261251531808007087e+01
9.431172891872375885e+01
9.340769718383543818e+01
9.326567029959564081e+01
9.513960700775838575e+01
1.004637332657610216e+02
1.041107653984138608e+02
1.054204416034159522e+02
1.046098445664145800e+02
1.057989562369710939e+02
1.063958488087312446e+02
1.065716992766421782e+02
1.040540502398589524e+02
1.055540165506944561e+02
1.065236869193976190e+02
1.085897812587662088e+02
1.092882915968070989e+02
1.104521642529935122e+02
1.092594541298013837e+02
1.103481054049020713e+02
1.112792403656049487e+02
1.108802815714222589e+02
1.124743042018033634e+02
1.127290517216596015e+02
1.147911827257485129e+02
1.159759212502085006e+02
1.170010391705762771e+02
1.187032185089867085e+02
1.178348700395106476e+02
1.188683556651016744e+02
1.202625582318156603e+02
1.230744734583137756e+02
1.247880652173194420e+02
1.231591528609732080e+02
1.233223940758630874e+02
1.209840275125096412e+02
