-7.111094454538418574e+01
-1.594722691161567241e+02
-1.111870366391196683e+02
-1.869814994834762842e+02
-7.321534353691421870e+01
7.304932413039212236e+01
-1.187447316613127128e+02
-1.296968829081127694e+02
-3.162707466055408076e+02
-2.606999918966575933e+02
-1.058137507878369377e+02
1.016010428708842994e+01
-2.816176969394957723e+02
-2.034493293074519897e+02
-2.503014491250573315e+02
-1.904783921535581328e+02
-2.760232381791581702e+02
-1.312826868532555409e+02
-1.443950010855178334e+01
-3.324273485781806698e+02
-6.836519619912712642e+01
-1.457790907742175932e+02
-9.408141673753809187e+01
-2.672093952650893698e+02
-2.362425620254366265e+02
-1.560616992737647877e+02
-6.273275676679135415e+01
-1.538225952428581138e+02
-1.316801223147217854e+02
-3.083836620027592517e+02
-1.290835880549692547e+02
-1.379902362876582629e+02
-1.501099995844823241e+02
-2.468301932894934509e+02
-1.762566579524036854e+02
-9.549432834751890198e+01
-1.387853548483267332e+02
-1.791877192231590357e+02
-3.335096866200049703e+01
-1.065061190319687512e+02
-8.732909520457138797e+01
-9.947326792464978951e+01
-3.778714381895151746e+02
-2.522697935992315763e+02
-2.687849235101380145e+02
-2.552661758257439146e+02
-5.112448074888287408e+01
-9.675272484572681719e+01
-8.399819321064296673e+01
-1.172140716573743049e+02
-4.592079741797694226e+01
-1.320977153810337938e+02
-1.144549608759924979e+02
-8.971978358362491690e+01
-5.409799934490012419e+01
-1.941639305593379845e+02
-2.458722828159350513e+02
-9.787460629325600792e+01
-6.980979108295795754e+01
-9.269599469560930061e+01
-8.959576133514009655e+01
-8.056878716239717164e+01
-5.819005398115383798e+01
-1.420508593089826093e+02
-2.906705526445895771e+01
-2.623881155179498137e+02
-3.470828201269406463e+02
-1.186321064691368008e+02
-9.630270370034784833e+01
-2.415997267008208382e+00
-8.015996106418702993e+01
-2.123361084971986656e+02
-8.431807462785076268e+01
-1.018988685786987247e+02
-7.680491966244863988e+01
7.597707576466201829e+01
-1.636493913451078015e+02
-4.516611872250680335e+02
-6.900831499687117798e+01
-8.083526976825326926e+01
-8.081886996564783487e+01
-2.126330220709015748e+02
-6.982304588820753111e+01
-6.207959654511560643e+01
-1.584492813450819426e+01
-4.033545735940772659e+01
-1.122424285669437154e+02
-8.277668674275757610e+01
-6.134186218304011362e+01
1.568643466402340891e+01
-5.152583847277023210e+01
-2.783463934382993443e+01
-1.708500441136368977e+02
2.845513203148303205e+01
-1.299353959367297193e+02
-9.494315119031102768e+01
-5.881100776157447285e+01
-2.222707184861501446e+02
-2.116604293284925120e+01
-6.562469639582957370e+00
-1.778201237126681349e+02
-6.799678878227734913e+01
-4.589751162525807615e+01
-8.379860320571506804e+01
-6.004537712502887103e+01
3.253838324663601611e+01
-6.070792860162647031e+01
-3.251207970116541901e+01
-2.107630737381495578e+01
-2.640900809103280267e+01
-8.018333713231174897e+01
-8.117808145458596414e+00
-6.243392352121192346e+01
-2.134334967159766734e+02
-1.122070346635670433e+02
-7.274795602151490925e+01
2.746295789489357730e+01
-2.451997828485683328e+01
-7.958386093073085021e+01
-7.813469389863148251e+01
-7.645383944180902347e+01
-6.212365630480299217e+01
-2.299859841183949811e+02
-4.199639240503974946e+01
-5.440070465007951839e+01
-3.336856809692152126e+01
-8.699517288476073418e+00
-1.290196680654966883e+02
-3.667295969448192636e+02
-5.645488558585163474e+01
-4.616729582781041330e+01
-1.235425020857575618e+02
-3.646610299943546352e+01
-1.377169704460973776e+01
-2.521108256869702018e+02
-1.664161970717280212e+02
-3.940622104343802334e+01
-1.734125759412223431e+02
-6.851281360110819207e+01
-4.273610056308373828e+01
-1.963769500401869550e+01
-3.052801148174503965e+01
-2.619180093173480373e+01
4.643181448089828223e+01
5.041325785670719029e+01
-1.036763426357615288e+02
2.528775833234718107e+00
-5.296759526071252822e+01
-3.865014920668089360e+01
1.262161174459691892e+00
-1.757645667200296202e+01
-1.265585729555701420e+02
-6.064176286492106271e+01
-1.342341006989125560e+02
-1.388666962897384280e+02
-6.630622783850445501e+01
-1.514966455107135630e+02
-4.970118644265075147e+01
-3.825361039620467807e+01
-1.524744933511460090e+02
-2.043373807391166963e+01
5.538238936874719798e+00
-1.726660753139571796e+02
-1.528647695026124254e+01
2.090215670344194621e+01
-1.121303851069651216e+02
-1.578264050626676180e+02
-8.127803566578720051e+01
-3.973491545743314646e+00
-9.706181421230775186e+01
-4.685197400527543721e+01
-2.577801608826334245e+01
-2.250540103533488434e+01
5.012243962537253594e+01
-3.727379675502306355e+01
-3.856716302466182356e+00
-1.576496458736995976e+02
-2.335259560258229783e+01
-9.395980660532700313e+01
-9.656983683690181408e+01
-1.135445515828140799e+02
-1.465608525188463886e+02
-1.787656301459011843e+02
-1.332719634929798929e+02
-4.964382151399978227e+01
-2.337871398219950692e+01
8.187452096891831843e+00
-5.944550744683097321e+01
6.473722639905017218e+01
-8.139115518268713600e+00
6.213895665591761031e+01
-1.378849194557420788e+01
-1.325675228925807403e+01
-2.671713976685574607e+02
2.892649919026624161e+01
1.332463589758679490e+01
-9.285805224166054472e+00
-5.895600324194715824e+01
7.068893354402305818e+00
1.805112426416794591e+01
-4.439943671915576573e+01
4.268907282929124136e-01
4.865250993504928090e+01
-4.274659451037399549e+01
6.435217907190914843e+01
-2.448541043352179258e+00
5.609345430318625603e+01
2.941368890181132656e+01
1.079685998864847818e+01
-4.367872323758350994e+00
3.912313966055009473e+00
-3.292048509313866589e+01
-2.432406596117465369e+01
2.823029166212273822e+01
-1.947446438294738300e+02
-1.281090105876870666e+01
-1.741882970510725670e+01
1.097841458827979011e+01
1.200849234011408413e+02
4.868864675872961101e+01
-3.791004037113360425e+01
6.209994740969654003e+01
-1.341840329367967684e+02
7.185783716426175260e+01
4.940185536774739461e+01
8.897534733142266816e+01
1.443616693312122834e+02
1.784887038932257326e+02
1.553356193944475194e+01
-6.121408499292150651e+01
-4.006768529499026954e+01
2.560166274280606657e+01
5.806179666875410561e+01
7.754008435002820931e+01
1.658139381398786725e+02
5.380742522534768568e+01
-2.179419891166578225e+02
7.967839291485645958e+00
3.391532935962445094e+01
-7.077184911714019222e+01
1.253998758569839964e+02
6.564639300827934676e-02
5.309699529185858324e+01
1.506381686988601132e+01
8.376738219200215951e+01
1.016992952972344852e+02
4.201977876914434518e+01
1.155131575058839815e+02
2.318641693607157883e+00
6.152149141412428435e+01
6.079198205863907134e+01
-6.317043593760274689e+01
1.180276869517828686e+01
5.556648760350655891e+01
1.254452038353245342e+02
2.915264398911803028e+02
8.214371827086523581e+00
1.848536719604319956e+01
1.229549045911038974e+02
-5.079452363550102234e+01
3.121475086409460431e+01
5.794892365948730628e+01
-7.273077099231998943e+01
7.538493972557677125e+01
8.283018275856441903e+01
-4.810909070845046642e+01
1.398046800158417682e+02
5.976768444406681624e+01
6.460456597830381043e+01
4.657240705733339325e+01
-1.251106367425544903e+02
7.428750197909945996e+01
2.637531439570976488e+01
5.536517596743463798e+01
-9.195157329791103962e+01
4.458580168317445214e+01
4.890692836158137879e+01
4.343747409443094654e+01
1.301941487093577052e+02
7.631716619695633597e+01
1.432482818038113281e+00
-5.986307018049622286e+01
7.428499190473435476e+01
1.125610380173367275e+01
1.239129672182455550e+02
-5.950664060800818334e+01
-3.254110499735216422e+01
5.676648883435595394e+01
-1.095865674974993453e+02
4.385608832219827491e+01
1.588784498260435498e+02
7.964691025082103693e+01
3.151177645248993642e+01
2.054557719548352068e+01
1.565824623735777550e+02
1.854498888047861271e+01
1.849401150047963682e+01
1.160717209144593767e+02
6.296305858224130247e+01
5.569282203245361984e+01
3.732298920986732327e+01
1.282797581960583386e+02
6.123011981428302164e+01
3.479897043434868209e+01
6.440150697182099293e+01
-1.758087150650845274e+02
5.625304496661325970e+01
9.839539532109240838e+01
3.072387209030667421e+01
3.331417870074794507e+01
4.268479517395339684e+01
1.505396504648395251e+02
2.706441438518646692e+01
1.113766902386742430e+02
7.632107438971806346e+01
1.842293716851420413e+02
1.118683854747546889e+02
1.304593420264160955e+02
4.960340576719861616e+01
8.291569127117175242e+01
1.303608937258068750e+02
6.252585160616947491e+01
2.814261345220172927e+01
2.275265990673043248e+01
1.096720690083974006e+02
4.174806691431989947e+01
8.933141431963841228e+01
4.332056225247333714e+01
9.008434010945683212e+01
1.218367252579342335e+02
6.667042906056232709e+01
1.370704268897184193e+02
1.261955649818774390e+02
-2.258120442763622577e+02
2.059448678118756391e+02
8.812655781957292334e+01
2.493426813905392123e+02
8.155837455887849785e+01
3.259878160022346094e+01
8.362184933395394637e+01
1.093085362699493572e+02
1.458872747747988683e+02
1.511711947727989696e+02
9.569387020864107285e+01
1.378971009640001739e+02
5.131347679632870040e+01
1.674323785168649863e+02
3.982060562108586055e+01
1.218452919517739019e+02
1.125361930801576733e+02
7.511702101790817210e+01
1.137193463086204730e+02
2.751685244418470120e+02
7.128623926820495171e+01
1.410549694504271088e+02
1.160313797487235092e+02
1.842147133340939718e+02
1.024892580128077384e+02
1.595894335011433327e+02
4.112023525358852538e+01
-1.766273185509220411e+01
1.628072046417269405e+02
1.630319357649243273e+02
1.634424509052918211e+02
9.119409798749066454e+01
3.782812242937279734e+01
-2.508478858360659558e+01
2.562078830721533791e+02
1.387866623024591490e+02
2.308912091452460658e+01
6.900516521716323837e+01
1.489747545987237345e+02
3.137688769313163561e+02
-1.127265549007748291e+02
1.764718717046882830e+02
6.135701222325761250e+01
1.922110802392152777e+02
2.372688008108034978e+02
1.642845396968834848e+02
9.000348611696966827e+01
2.200066859623039193e+02
1.837121846194002330e+02
1.049297044993519705e+02
2.804171855880837825e+02
1.651974910405211574e+02
1.580296828261292319e+02
2.771009444462971487e+02
1.342846708062182017e+02
1.263653316836930998e+02
1.706729438975715709e+02
2.506758674041194013e+02
1.200489109115720936e+02
1.230216143780785245e+02
1.078793232486217306e+02
2.722499355698862473e+02
2.962776679270862132e+02
1.153148932827608064e+02
2.754934457516231987e+02
3.028540511919938467e+02
2.273130927686829637e+02
5.388928074098798504e+01
6.116977268735283246e+00
1.520162269996451982e+02
2.795976948599512184e+02
1.473792200964363417e+02
2.353781412599954024e+02
1.848073661441785873e+02
1.450541801064688912e+02
2.456572446690483957e+02
-1.489556701091608204e+02
2.782308298003967479e+02
2.604915513938084359e+02
1.669774016999340915e+02
2.913209352535409380e+02
6.215391086965220779e+01
2.858511577470106317e+02
2.237020091980001268e+02
2.744767985702992519e+02
1.528381123439716305e+01
2.720876019261819465e+02
1.779824975668066713e+02
2.751366563041336804e+02
1.704740226370843743e+02
2.772271478578348933e+02
-4.214428215570450220e+00
1.913484471792054364e+02
1.331803175781062123e+02
2.893360230860873230e+02
1.759926929199766334e+02
2.426855795620912772e+02
1.553879258032012842e+02
2.416676589819356025e+02
2.783430620733549290e+02
2.413279979895220038e+02
2.528986795119074316e+02
3.103619598373531403e+02
1.427951393312410460e+02
-2.219852828854373570e+02
1.782465573261245311e+02
-1.187127880495304169e+02
2.735329912017501783e+02
2.669171397369669876e+02
1.657997308973129407e+02
1.732213072216807177e+02
2.360229163858631978e+02
9.354051431739122791e+01
1.421896795870783876e+02
2.815061009023232259e+02
1.391910649772624708e+01
2.390538535141184298e+02
1.476074299966914225e+02
2.853120110153487872e+02
2.533352189322996253e+02
1.526937834494797812e+02
1.069376809445292338e+02
2.810910704968325717e+02
2.819484176499761929e+02
2.628197332141622269e+02
2.910324516008473097e+02
1.413385940598795401e+02
2.742823593259652171e+02
1.747212382772027865e+02
2.598805115978182130e+02
1.005849267631614019e+01
2.528758634933590486e+02
2.777875479287702660e+02
6.221588575330804360e+01
2.624159343170153988e+02
2.336236337918241190e+01
2.088214405459684997e+01
2.676351094513092903e+02
-4.050423121938943893e+01
-7.990100996496053654e+00
9.836112860405438596e+01
2.889387914826362476e+02
1.907345841297816094e+02
2.160384004118644157e+02
2.786951644570178814e+02
2.356778381427096463e+02
2.317607251790427938e+02
-6.851692144105234661e+01
2.501850815947512956e+02
-2.003580003809671268e+02
2.147467244727242814e+02
2.382573283378430062e+02
2.175726291945898083e+02
2.806400705033694294e+02
1.650261018325840325e+02
9.783822807358068019e+01
2.001843567636379362e+02
2.610019282239252902e+02
-3.427700981808803249e+01
2.683297192657271353e+02
7.298524474532356976e+00
2.268050703362670220e+02
2.583229782788826583e+02
8.665407156631569308e+01
2.424828035411750875e+02
2.228348482318762933e+02
2.813195408889746432e+02
