-1.108748052768198136e+02
-1.910069155120409050e+02
-6.246733981695550852e+01
-1.276087212126836477e+02
-7.754484987837584242e+01
-7.507274847222068104e+01
-3.511874199497235622e+02
-2.793701775801573035e+02
-2.017315691237993178e+02
-8.013723487148639890e+01
-1.182874516466875718e+02
-1.817580303087184745e+02
-1.878602861194463856e+02
-7.047902275225682445e+01
-9.700899053333924371e+01
-1.271681980935973115e+02
-3.107001858713672391e+02
-8.372853922159180229e+01
-7.598369743608665772e+01
-1.415388024710343586e+02
-1.608985077816886644e+01
-2.100248256362013990e+02
-1.479260377066614183e+02
-1.647611480341057018e+02
-2.298619801768084301e+02
-1.250579795075098986e+02
-8.911276304860196262e+01
-1.219834776359016928e+02
-1.479623996633036427e+02
-2.061731922965973638e+02
-8.377967664970130102e+01
-3.108732111119131218e+02
-1.505531757719572283e+02
-1.159372017562177604e+02
-2.280072870459581793e+02
-1.849186313354201161e+02
-3.928797790875054829e+01
-1.827050518742695431e+02
-5.605447870548456990e+01
-2.139619505338198167e+02
-1.697554276698307376e+02
-2.603529680266697710e+02
-1.217993649944154981e+02
-2.115810950437592055e+02
-1.779780138010541464e+02
-8.233836153337423980e+01
-3.278706368645794100e+02
-1.000895218004885692e+02
-4.121548457742548521e+01
-1.711031991292516636e+02
-6.097613339433110013e+01
-8.086390284753034052e+01
-4.714324476628912919e+01
-1.688051358127891604e+02
-1.973529630141318592e+02
-1.777662279555308942e+02
-2.397270092543347175e+02
-6.103627799250822505e+01
-6.865666506503477251e+01
-2.732555473317621590e+02
-5.371902511593034291e+01
-3.186732511658227622e+02
-1.432780585155804545e+02
-1.889540627723920920e+02
-7.322551424862903957e+01
-1.041613059956839606e+02
-6.571131254607432481e+01
-2.366674086988794556e+01
-7.508740801055739666e+01
-2.851167478593419560e+02
-1.483405805930270276e+02
-1.193904195874799967e+02
3.230457870946793264e+00
-5.636370985992966354e+01
-1.115397726378791674e+02
-6.794374273826537092e+01
-1.296097089046352551e+02
-1.296522857155597990e+02
-7.065058478706814071e+01
-5.047656428130609640e+01
-1.887879425242479101e+02
-3.112908298365073279e+01
-3.551605693000401232e+01
-8.446961176908797597e+01
-8.220098136080628137e+01
-4.126919051669646166e+01
3.145571707036884845e+01
-1.251254499290133282e+02
-3.074249054851784990e+01
-8.222661018824338441e+01
-1.259792022146848751e+02
-1.928579767977687709e+01
-1.002538571434310342e+02
-6.205153399321032026e+01
-7.257387744451928313e+01
-4.596560838699311091e+01
-1.214385403418593796e+02
-7.657216420898815556e+01
-1.221545014958341397e+02
-2.001450685750792786e+02
-1.242003716438513692e+02
-4.925013705469989134e+01
-7.398173680800215379e+01
-1.454635600372176896e+01
-6.312759386814714446e+01
-8.049931326218316485e+01
-4.392222507113868346e+01
-8.041278478319622991e+01
-2.934995595222372344e+01
-3.673740941647118063e+01
-4.226636635938642428e+01
-8.506126959185100134e+01
-3.686620352361735087e+01
-5.396954653604682051e+01
-1.284882726312162049e+00
8.967090943269937497e+00
-2.973626795202812900e+01
-6.201025162845390071e+01
-2.740454427549821048e-01
1.450427430038575949e+01
-1.107283554837412680e+02
-3.253420274989233008e+01
2.390502026334397101e+01
-7.096305103705940098e+01
3.977302039246538357e+00
-7.418739263479660906e+01
-1.510546287987571645e+01
-8.896481325069545676e+01
-4.628070043008055734e+01
4.993633022504059227e+01
-3.927646394665502783e+01
-2.621377733116905517e+01
-3.177729434261044617e+01
-1.577184907438241623e+01
-2.405777029525570754e+01
4.692104687493880988e+00
-2.212529974698355772e+01
-5.299912761084785018e+01
-2.129541749844635490e+01
-3.195997940611988497e+00
-7.728577457157267361e+01
7.109338794921441718e+00
-1.278447285461250260e+01
-4.742450912064126101e+01
-2.855973940053331717e+00
-7.177244140096880187e+01
4.101331391017340877e+01
-8.882562500276080186e+00
-4.456753054517271551e+01
-1.827028792696839332e+01
5.941993008487202133e+00
-2.680486733608145755e+01
4.114621928201287915e+01
-2.695887985049593283e+01
-2.066572412401221470e+01
-1.329652268466121257e+01
9.344292550089221550e-01
-3.724049933164420167e+01
5.832170402486697824e+00
1.146401072302859703e+01
-6.018251106407242901e+01
-5.129787214745103086e+01
-5.081801779114471174e+00
-3.754333287060343594e+01
-2.872872794473002500e+01
5.902067444465193802e+01
-2.942286401732597767e+01
4.970971818599629444e+01
4.951292395625728204e+00
9.174833422027171537e+01
-1.475187261182079794e+02
-3.538051067964315166e+01
3.018190391168775477e+01
-5.833934125907632051e+00
9.723505405341822438e+01
2.471866412156032311e+01
-2.818196762968972280e+01
2.653797332948765586e+01
1.113642420047084158e+01
4.160992419445054225e+01
-1.206120138291902890e+02
7.708879683409929839e+01
-5.818682035638993000e+01
7.202192519689901928e+00
-6.329247364143298249e+00
-4.448123518363449591e+01
-1.539756828674655935e+02
-3.291295578359593321e+01
-6.652095803240966632e+01
9.956324148754285730e+00
-5.327011107561506265e+01
7.109932747092476291e+01
-5.617643863852203623e+01
-2.926541672881803535e+01
1.785322734952212897e+01
9.166853120446035064e+00
-7.660548364138676902e+01
-1.211533036356877346e+01
1.704054734323685238e+01
3.118829179716550470e+01
2.107414192135735220e+01
-1.896328579527973375e+02
8.120346681362690333e+01
3.650656207229567940e+01
9.085904895181079155e+01
5.764475821534902877e+01
2.295942605530665048e+01
-1.634033859839881231e+01
-2.815862057364395810e+01
-1.120125447690010816e+02
6.168839230782495520e+00
-1.510672573269526708e+01
1.082616820978577721e+01
-5.205516413197386782e+01
-6.794301451332107433e+01
-3.981991662305337343e+01
-1.376589712623591026e+02
-1.314967174394370097e+01
2.996293856586663296e+01
2.325080734770085655e+01
-6.343235080516758728e+01
-3.526632801713654430e+01
-2.734802749852464103e+02
-2.439131611162085278e+01
-2.275968536676364238e+02
-1.257929758697761713e+01
3.269340722750692407e+01
6.059825873224838233e+01
-5.340367491529092092e+01
1.001762095084925974e+01
-2.484702094265898609e+00
-2.308695381150005232e+02
2.314780528867927956e+01
-5.555954695398754306e-02
-6.699742928463540181e+01
6.012391620133824688e+01
-7.152091100590681094e+00
4.829642331675697164e+01
-2.524541972151577909e+02
-1.506358960880546363e+02
-2.118413521386722209e+01
-2.180296101260807973e+02
-7.798650772964191447e+01
-1.418159368942695266e+02
-1.362728788465476555e+02
-3.679655406028849995e+01
2.616474536155640607e+01
-4.599443336523671633e+01
3.014136316781558378e+01
-3.372107594234386738e+02
-3.117284692783513265e+02
2.897939751633429140e+01
-1.329119417009761719e+02
5.059827790923375090e+01
2.660249513041522107e+01
-7.796590614948755160e+00
3.306540419280082688e+00
-5.617393251951375532e+01
7.937999821187773364e+00
1.759768159722124992e+01
2.764566678780278508e+01
2.821105711299019347e+01
8.335486561626591140e+01
-4.919882892397384921e+01
5.911419594996521809e+00
-9.046096292716138976e+01
-5.457599277682058414e+01
1.110707647655766017e+00
2.224860248717673628e+01
2.960689505613841277e+01
1.871676496056961980e+01
1.302383575785400183e+02
-3.987684015496463985e+01
4.828085661672272266e+01
-7.532369823275084286e+01
-2.964753532535236502e+01
1.164875121457660612e+01
5.026617513286957006e+01
5.779660630234215546e+01
-1.302948036904093101e+02
1.238114724327854219e+02
5.645343136360472158e+01
-1.756175199443873680e+02
-6.442400598247196797e+01
-8.290731076934447330e+00
-1.204268963447946419e+02
2.392226561722920408e+01
4.509320911531395382e+01
-7.760335721956594490e+00
7.182877149914043002e+01
3.680344585713544348e+01
6.729292179556838960e+01
-1.207609488101799542e+02
4.401547944083890229e+01
5.373979451222070480e+01
4.414841049311158727e+00
9.718763936352003441e+01
4.789881629284921871e+01
6.680566645239515822e+01
5.202491649936797558e+01
1.369938544162887126e+02
-6.457534607401973403e+01
1.177978824604148258e+02
-3.058178647949236506e+01
1.090807020035930321e+02
-3.071952004857525154e+01
2.378781283321813689e+01
4.933845013918933819e-01
7.693496619826611926e-02
1.340747599707008249e+02
-1.780979798817484916e+00
2.929962330233445300e+01
9.444666537433761277e+00
1.320105063734569910e+02
2.230865196749406607e+02
3.341842257422877793e+01
4.088712958976013567e+01
-1.100316648990090940e+01
7.902123132365910863e+01
1.134400968551078961e+02
2.736790131232093159e+01
7.211881966234975039e+01
6.464933576021503647e+00
2.333916861138242780e+02
-8.841259021775518079e+01
1.263812044640612875e+01
1.264881733917952431e+02
1.082918001863372268e+02
1.137600627047698794e+02
6.803440449803619572e+01
1.622339146794791986e+01
1.666720956838139500e+01
7.905784596749924731e+00
-1.113660049087982529e+01
4.853307134628622066e+01
-1.739000283765861070e+02
1.446334617652241832e+02
-3.313030931550234470e+01
-1.480740767018235147e+02
9.368279940592412913e+01
1.239023980848193105e+02
4.734249070650621150e+01
1.384970471386750148e+02
2.087670358920476943e+01
-2.812575692247423831e+01
3.343276397584072868e+01
4.818606803716311759e+01
7.123906035019795979e+01
6.470771313182737572e+01
-4.960538619605058841e+01
1.687403219945942681e+02
1.175003529553201957e+02
2.966359599440977846e+01
5.623289778311803389e+01
9.752934539560480687e+01
-2.550878196282446311e+02
-3.494050930861654933e+02
1.184912890015145734e+02
9.309680347301751624e+01
3.285687548434407290e+01
3.317329653065287687e+01
1.497573650658810323e+02
3.831451861310068807e+01
1.231301162390314090e+02
9.564851438893647639e+01
-1.004525881795774644e+01
2.160706859174197803e+02
7.060911822963149120e+01
9.250657214913815096e+01
-2.758091545172887891e+02
-1.241065179769818485e+02
-2.455013168103492660e+01
1.590770218265408289e+02
1.033123400163146215e+02
3.345571680080141874e+01
4.471515409203485092e+01
2.063892416816633215e+02
1.086155668882459224e+02
-7.017205199447269948e+00
6.344869193098662663e+01
1.671955704286982041e+02
-1.687594896755798857e+01
-1.713688555848920103e+01
1.210808986412859838e+02
1.558713151106236410e+02
2.774578916545359561e+02
1.213812114357902345e+02
-1.553083200198702229e+01
2.808840671023040159e+01
1.308101360650951506e+02
1.514439188364803783e+02
5.116764238963979494e+01
6.957538855106128040e+01
-3.138984257132795719e+01
7.585385713804639352e+01
-8.811120646063324102e+01
7.921716602013562181e+01
9.781488882266783946e+01
1.221583423778054680e+02
2.051635781939804133e+02
5.157536569940596394e+01
2.790653052167056103e+02
1.742061925013588564e+02
9.067875212639802385e+01
8.363197208203762045e+01
2.589101031338854000e+02
1.585097898346656393e+02
1.360490783672677537e+02
3.532969506955355143e+01
2.270088117834079640e+02
3.104044442357999145e+01
1.676033862891311799e+02
1.294416537180975695e+02
7.353193547792169227e+01
1.012925572173167694e+02
1.284249411872135909e+02
-7.251556897463134987e+01
1.298482809081186247e+02
-4.135930433115163396e+01
1.210470506280116041e+02
2.236016396916387521e+02
6.130238706478286304e+01
2.381448496667520089e+02
-1.075862071285378221e+02
2.185396887832588106e+02
-2.883956082819477906e+00
3.014732527649154008e+02
-5.983631455395153154e+01
4.675357445224503294e+01
1.211400517540830890e+02
7.479425944267730131e+01
2.383808483838773213e+02
2.138153986865443699e+02
1.917959332164606394e+02
1.657835855647424523e+02
-1.587678684679268031e+02
3.744952620167694590e+01
1.198128716277661994e+02
-1.811115545603239241e+01
5.533411748162793486e+01
1.082858798294005567e+02
9.148873907158814234e+01
2.496259089277971270e+02
1.049479835264748431e+02
6.251911983700077968e+01
1.132170722248085895e+02
2.340786324617870093e+02
7.818836951927545442e+01
2.154243032196044396e+02
1.861844646774779619e+02
1.136168640860128249e+02
1.025412667275111858e+02
4.127031750704466617e+01
-4.441793198778164253e+00
1.278427601423518922e+01
3.226712537114200785e+01
2.495341973533075191e+02
5.487496754962978684e+01
2.455034365227455169e+02
8.028206331806309493e+01
3.997591492898804688e+01
1.204052949759598619e+02
2.528670632769052418e+02
3.766055586874439598e+01
-1.280147553969415810e+02
1.598761012464127305e+02
1.256675124285870737e+02
5.640642980565179698e+01
2.799002429654125308e+02
2.566034712829756472e+02
2.405966952883014756e+02
1.064174888191742667e+02
7.801731812640397834e+01
2.222235070719665941e+02
9.314497397681333268e+01
6.230020088312632254e+01
-4.537566199665647559e+01
2.586121979717958084e+02
8.994983167086967057e+01
2.700581258678455470e+02
2.370466042327883827e+02
9.951131665108168534e+01
-1.364078978777023963e+02
2.299460261513546584e+02
2.489848111809089914e+02
2.375620122362671509e+02
2.807834744739026291e+02
9.943919983636618554e+00
2.343015071191219079e+02
2.492839885110936393e+02
2.539557108732607276e+02
2.213855762306785664e+02
-1.725945839654262670e+01
7.195871998777492706e+01
2.152741138094446569e+02
1.930803161891774948e+02
2.505763419207034701e+02
-6.507634681195511916e+01
1.384824638667917327e+02
-2.867307814136427169e+01
