-3.045922546406522997e+02
-2.696460308322411947e+02
-1.140520728171138671e+02
-4.779237263042709571e+01
-4.934477503328354260e+02
-8.831022319201608184e+01
-4.104770852752248516e+02
-3.960834095141592002e+02
-6.969672666307062059e+01
-1.200008077025832876e+02
1.473201521728907437e+01
-2.693340110858109711e+02
-1.461839903766665998e+02
-6.923422222765472611e+01
-1.091458013661328721e+02
-8.030304356408045408e+01
-1.849249366786968949e+02
-8.987898271134945105e+01
-4.283034686527342956e+02
-1.281421412175303089e+02
-1.093001881425721251e+02
-1.080637424536246414e+02
-2.119586210227977290e+02
-3.321647929698373218e+02
-1.908230778413583550e+02
-9.873088851315498005e+01
-2.867136955934263369e+02
-1.040023829366514860e+02
-2.444776544872882766e+02
-1.618945911752414304e+02
-6.057703308497710282e+01
-1.041857966853111890e+02
-1.584652396113783368e+02
-1.722530690497156343e+02
-1.201273080015051562e+02
-1.269331369568166821e+02
-1.096891454608486072e+02
-1.273228787009932859e+02
-2.131097824601035313e+02
-7.234164852788779854e+01
-1.210873932002313182e+02
2.034592964058339248e+01
-1.465305538793394646e+01
6.460602724312352052e+00
7.639601423227560417e+00
-1.736548214470271603e+02
-1.349226577017501540e+02
-1.088984948632365501e+02
-9.462371404939996467e+01
-3.893002679609335814e+02
-2.200361058949374069e+02
-3.720247663917590586e+01
-8.045122734762900052e+01
-1.334989415768519336e+02
-3.019467428185597555e+02
-1.082843834949518680e+02
-5.231615240592874727e+01
-9.264224227933340217e+01
-1.139450564888342967e+02
-1.283082877960283099e+02
-1.165035205188297311e+02
-1.105742828111926599e+02
-1.077121632838026102e+02
-1.742788487098465566e+02
-6.517548010494589050e+01
-4.036924845698594311e+01
-8.227375059624212383e+01
-7.076043869916861695e+01
-7.367231918027832194e+01
-2.658054149458623669e+02
-5.055844069889597847e+01
-8.023415913754473650e+01
-2.455598165109280728e+01
-5.545569006991165395e+01
-7.704439654222821332e+01
-9.667514005160957424e+01
-2.069271077087242361e+01
-3.071228554052706841e+02
7.574977050145818680e+00
-1.336404441664278409e+01
-7.815975222164087199e+01
-1.342704411053001650e+02
-1.074153233454561729e+02
-1.199155931925416212e+02
3.733789699605424062e+00
-5.151953491571839550e+01
-5.671174806794485335e+01
-1.813039328308659037e+02
-2.261088796539084456e+01
-8.884856870080922420e+01
-7.872547922464744374e+01
-9.148817052002286232e+00
-5.439258746849480275e+01
4.833616030135360120e+00
-1.271609812392382821e+01
-2.809451207018396701e+01
-5.756307680129785354e+01
-4.617122233328409209e+01
-7.011004216704284886e+01
-6.719749798514818906e+01
-6.174019573930846860e+01
-2.397652583101888979e+01
-9.421937146085114989e+01
-5.371197547891798507e+01
-5.023877974754551445e+01
-2.375837498017765483e+02
-1.004281611868023987e+02
-1.210452432362345121e+00
-1.364653053866473442e+01
-8.725178762338003935e+01
-2.604640532976129066e+02
-8.452460446617934053e+01
-2.749020693068888477e+01
-6.604836484039878997e+01
-8.885953924042235030e+01
2.880964870554274171e+01
-5.421207123157472552e+00
1.407636573576793353e+02
-1.216890112942733992e+01
1.624673708704654018e+01
-3.094312411685827158e+01
3.859315221645579186e+01
2.207622377031179894e+01
-1.679641046568340812e+01
-1.754728638074905689e+01
-2.110753620505678896e+01
2.279955110066633139e+01
-3.876726582255879805e+01
-4.327792782644885961e+01
-1.058325452162033287e+01
-3.208701476708721145e+01
-3.489799660562424322e+01
9.688830950273683129e+00
-2.260824433612926043e+01
-9.036787694416887007e+00
1.685296188536777606e+01
1.195011815514385489e+01
-3.458299946487514376e+00
-2.389095500567567854e+01
6.772238054594481582e-03
4.395069589775886243e+00
-2.892855056078946063e+01
5.372199926823968497e+01
3.041464733933452180e+00
6.843578426670660519e+00
6.226643782561613705e+01
-2.105243086948213715e+01
7.479784552009604681e+00
6.006610402987605823e+01
2.481853672504281150e+01
-3.923365457781021348e+01
2.780805418145617125e+01
-3.026336398522218474e+01
-4.776612976283267642e+01
-2.267701212484925293e+02
-6.765852049123553513e+01
5.684674731097292977e+01
-6.675107219101125366e+00
-3.718379184164922435e+01
8.713464174982061650e+01
4.122475816311228414e+01
-2.893431731448339406e+01
-7.504980579228451631e+01
-6.446595399041942187e+01
-2.862879658152550064e+02
4.156759978014871137e+01
-1.187239342692605959e+02
1.422400870354177371e+01
7.259351388752909884e+01
-1.294043033255496766e+01
2.461510411179148150e+00
7.586329565528174612e+01
2.092582853026949863e+01
-1.614160045514397268e+01
-2.439204515391608652e+00
5.732353346223023038e+01
-4.997689136631979778e+01
8.491476704825620914e+01
7.370469152786546374e+01
-1.223703398216190408e+01
-2.784678315926679204e+01
-8.641608197809668468e+01
-8.929031487069536865e+01
-9.030033850932301220e+01
2.237048189172837453e+01
-8.172109394770269830e+01
2.838731131734169466e+01
1.371948740319735691e+02
7.275660858741730408e+00
-3.756831196891292635e+00
9.511195308223653910e+01
1.904302878542154076e+01
-5.525700265755996554e+01
9.635554816112392018e+01
8.864035944585816651e+01
-3.132748508741146054e+01
9.157754601026516639e+01
-8.743311837006118026e+00
-5.978631011815028984e+01
6.893397594653690064e+00
-6.294578184005458610e+01
1.308557657036439252e+02
-8.356528132803367726e+01
1.106566362582339735e+02
8.363986924207920026e+01
-3.718073410597820327e+01
-3.156828970788323829e+01
1.112383632216586875e+02
-1.700684527094906002e+02
8.979722763328706492e+01
1.097719004715567905e+02
-4.490049662387450979e+01
-6.756604042482527461e+01
1.182261226594426518e+02
-2.175250491411621567e+01
-1.288657600213242631e+02
-1.827097743437360577e+01
7.287139383836911577e+01
-3.053335221038599911e+01
-4.463522152072303584e+01
1.292991167394407910e+02
-7.669472776832208183e+00
-5.195124103204389598e+01
2.311964321342247786e+01
2.850391075244448302e+01
3.747243828436289448e+01
1.132632694445866690e+02
5.629799426606405177e+01
-8.912507333696885325e+01
-1.916827477706986826e+01
-2.602113156754390388e+01
8.387185003167063257e+01
-6.361435680774848578e+01
1.158108599962829288e+01
1.145226684277099025e+02
8.375768628839345809e+01
-8.972718740352203781e+01
1.155130661592306325e+02
5.932675023229070632e+01
-4.176507882042116648e+00
9.369590484195440183e+01
1.292648245601471046e+01
-1.175520515326479369e+02
-1.833547346002525558e+01
-4.392845407209840403e+01
8.806943819582998856e+01
3.452375190234820934e+01
8.780697121038215869e+00
1.177145558550103885e+02
-2.991433239451142754e+02
9.154681369246051759e+01
7.721299399565843657e+01
3.097672667411877967e+01
9.537873996361210516e+01
-4.424867856961294876e+01
1.227953220342588452e+02
-1.470360250902951122e+02
-3.064613027394099731e+01
-1.027429627227675724e+01
3.935405491042567405e+01
-3.363500041937589913e+01
1.373798785498165387e+02
1.103907318575821250e+00
4.738215364160636511e+01
4.141904059239461589e+01
5.398362997175458844e+01
-3.030559709097562404e+01
-2.525514342904504872e+01
-3.040539853950939175e+01
1.331457510459769367e+02
3.293380459535450910e+01
1.021012222209160427e+02
7.340600316838214212e+01
3.010933825988189483e+00
7.374228607086801901e+01
1.258090036355047516e+02
-2.268723901212979399e+01
6.133159511733803981e+01
5.664657290923506139e+01
1.561018744614651155e+02
1.077072015376417937e+02
-1.936886789803201623e+02
-2.783545374502678271e+01
-3.347938319113305283e+01
4.737813886649099970e+01
5.881758607961204177e+01
-1.381994759315871590e+01
1.100401007373960596e+02
9.910361182255587664e+01
5.255407131146088773e+01
1.232595153207378331e+02
1.667592387026098208e+02
1.237770641316027991e+02
1.181445093915389464e+02
6.766196806493815075e+01
-1.140257097476285253e+01
1.156860541566590257e+02
7.838340524031126222e+01
1.001843252334694938e+02
1.375328588761490778e+02
1.081629714887069014e+02
5.827457148692191424e+01
4.296298060571729138e+00
9.773938336982533315e+01
-1.045092808735350758e+02
9.736783982054770092e+01
8.206478361276145961e+01
4.795814834519293157e+01
6.872022540751611075e+01
1.198526218505413823e+02
1.083194379113541572e+02
3.916448576058803610e+01
7.125890316993314855e+01
1.135315318824481778e+02
8.446586785052021185e+01
9.470674284095169071e+01
6.124838608006560037e+01
5.786592081308376123e+01
2.595377723448083884e+01
7.042708485381535866e+01
9.542008444387053601e+01
-2.098831848377159872e+02
5.949326326814229304e+01
1.069289588443220964e+02
6.567982320831632137e+01
1.208810453723165637e+02
1.016360383698657444e+02
8.810410951829226178e+01
2.551411108378157877e+01
6.369700291525471414e+01
-1.453047207109707699e+02
-1.325363124268603521e+01
-1.001798007553368279e+02
8.883328134517290664e+01
1.450529620900839802e+02
6.016062972642387052e+01
8.105330685203145435e+01
8.549926405469713586e+01
4.319625495598690179e+01
3.673630849592149161e+01
8.510373248933308332e+01
5.625182332232807880e+01
1.099178464477809598e+02
6.418177749296788193e+01
4.982446311506622294e+01
1.445462188425053967e+02
6.328192635941988442e+01
1.011862086691845661e+02
7.355916127269203741e+01
1.446976800845167190e+02
-1.028627960224486912e+02
8.048029556926005057e+01
-1.763762895732920128e+02
1.684898649119763263e+02
3.598420801763840871e+01
6.086093117618036530e+01
1.115737055540700311e+02
1.196409430489137264e+02
7.317783461713433724e+01
5.366489233290933925e+01
1.260924310349308115e+02
-5.571894362794809297e+01
2.159878949994478603e+02
7.697273340631038252e+01
1.441431452023921906e+02
-7.608622005167465829e+01
4.122299085609117242e+01
1.503418755867835443e+02
2.375038713998470712e+02
2.388681366170419267e+02
1.483216881163980361e+02
8.562107042281776614e+01
6.297860032711101042e+01
1.654749627675474812e+02
1.561435478350474853e+02
1.122369843208060303e+02
2.760013491104524519e+02
2.815262258367107506e+02
9.264798037276564457e+01
1.012858893399575351e+02
1.582435573333179946e+02
-7.818154139728281393e+01
8.731363555682879962e+01
2.220732192108624758e+01
1.306694901497496062e+02
4.171383179638252159e+01
9.086389966211424962e+01
1.076028496647044221e+02
4.018537007892319934e+01
9.044444592685745477e+01
1.351387410802220188e+02
5.403067752698430581e+01
1.467998984137102525e+02
1.086565095032482446e+02
1.389647891162439919e+02
3.049981537684506065e+02
2.220606338332701455e+02
2.182340514223051571e+02
6.593567277557980333e+01
-3.609481063624416208e+01
-5.011129758968979786e+01
2.281384311872824071e+02
8.095607291581919185e+01
1.038187795939778084e+02
1.018785770464951810e+02
2.383763576449309198e+02
9.115453034490880668e+01
2.708917253871729827e+02
1.277328095099852305e+02
3.066785687856416871e+02
1.218858989546865956e+02
2.290981688896124808e+02
2.104365882946907789e+02
-1.841517360953918470e+01
2.932237202209121278e+02
-2.790372860578921177e+01
2.382621967848341740e+02
3.114096497975156126e+02
3.032687702268706289e+02
-1.713648380389791726e+01
2.739127254847192035e+02
-3.034743365068960088e+02
2.109580950283121226e+01
2.534280788832476503e+02
2.974024357138052324e+02
5.305709851890624407e+01
-2.482447476023400554e+02
1.781233545581551425e+02
2.395664438794563864e+02
2.286752554190690034e+02
2.400139478657280279e+02
2.568882639795847354e+02
9.524959588377049613e+01
2.807007211376508167e+02
-1.809574143729517459e+02
1.049889306038736692e+02
1.887789700672846038e+01
2.744158931587659254e+02
1.614157702107300167e+02
1.733694180478481712e+02
2.268789653984009078e+02
2.584132123233829930e+02
2.381673392233331583e+02
2.727917277060399783e+02
2.549926639688306977e+02
2.140254364343634279e+02
1.776257291046525495e+02
1.467269948690500598e+02
2.801463384072692975e+02
2.199789649250246839e+02
2.563354827317298259e+02
2.300522186574608838e+02
2.436533507788969928e+02
2.415979348785448337e+02
2.279308222573781961e+02
2.432770352729919807e+02
2.760276840757031778e+02
2.525353559194910247e+02
2.433701844917563903e+02
1.739883459118468068e+02
1.008725762862065096e+02
2.236048089182725676e+02
2.382742447256354126e+02
2.453194801562005694e+02
2.506198748881566303e+02
1.986418375544848800e+02
2.438230123509669056e+02
2.434131085699272603e+02
1.654010216747368531e+02
1.737129532879950489e+02
2.653451509748756507e+02
2.201804574035746782e+02
2.690891285364037344e+02
2.559662859211640580e+02
2.612922238284766081e+02
2.830196848614743885e+02
2.371556011181521342e+02
2.558450818606375776e+02
2.670707872444369286e+02
2.362635326504137652e+02
2.143456581925427145e+02
2.809945767340433349e+02
1.459802721738213336e+02
8.202498903245658823e+01
2.694033807417707749e+02
2.719575674467417343e+02
2.387367118871595153e+02
2.412483604291493009e+02
-1.858658351245268250e+02
2.269705596048796394e+02
2.207329112401858993e+02
2.487151076371893055e+02
1.307520617443499304e+02
2.542850198206587322e+02
2.564973154183559245e+02
-7.862673051995457740e+01
2.351516674778457059e+02
2.773983549629436993e+02
2.614039908169294222e+02
2.405906052653233473e+02
