-8.701420311319583334e+01
-1.422981374791670817e+02
-1.225706665490457539e+02
-6.945759428117008838e+01
-1.289114911454835237e+02
-6.640525567854632527e+01
-1.041549402924717356e+02
-1.521474964097445195e+02
-1.387723508353813600e+02
-1.509686284874407534e+02
-1.096429578294090845e+02
-1.239974296824653948e+02
-3.590395906855334260e+02
-2.569257323966546664e+02
-2.894050826142038204e+02
-1.970350279652617189e+02
-1.962556971575556020e+02
-1.182825090777831036e+02
-1.390747230464260440e+02
-5.111467274266834693e+01
-1.003638675145498809e+02
-1.016015677681517531e+02
-2.071704690428961158e+02
-8.911467798915316507e+01
-1.544490441467620485e+02
-1.533681328877481747e+02
-1.333253589969252459e+02
-1.292464219382176225e+02
-3.331796912239453832e+02
-8.566815364651213827e+01
-1.178117144635183422e+02
-7.377580406216608822e+01
-6.413903030182676446e+01
-6.248829920040845565e+01
-5.572179672725807364e+01
-1.792179873452915331e+02
-1.168032303362713549e+02
-3.498143891349178602e+01
-5.277739043200367064e+01
-1.449310578034439914e+02
-4.323845966260356022e+02
-3.315820264846054783e+02
-7.008052921113200284e+01
-1.396172088915775475e+02
-9.147868904712609606e+01
-4.003178291707054370e+01
-1.299441966498013130e+02
-6.658735316199181398e+01
-5.693451927037824589e+01
-2.233591535333459319e+02
-6.897308049743388381e+01
-6.357425059005464618e+01
-1.522459418921960435e+02
-7.942961120252880391e+01
-1.653810772232012596e+02
-1.296950958480431382e+02
-1.791045354146396562e+02
-2.023327830111247181e+02
-4.894579365474569954e+01
-2.646196644803066533e+02
-1.229210200330420264e+02
-1.821021563594410964e+02
-1.371755149283546871e+02
-1.259579860431850875e+02
-1.179415069039285839e+02
-1.657203863537658890e+02
-1.271689432213950255e+02
-2.111757642205537309e+02
-1.806996592911832238e+02
-8.109805142065506800e+01
-8.100692769417113936e+01
-3.064510768102570637e+02
-1.236834551156252644e+02
-8.934108355854101546e+01
-1.138092835891501124e+02
-1.291912214672959180e+01
-9.276884321376763864e+01
-5.468007900169999402e+01
-3.076720206654910044e+02
-5.690788972231641907e+01
-6.443290184389340425e+01
-1.191125125423924089e+02
-1.268834196680281678e+02
-6.396544102935325782e+01
-1.352227153935104127e+02
-5.358092395959981502e+01
-1.079038735201146721e+02
-1.590472217545067224e+02
-1.334169231120947359e+02
-9.505909006100235104e+01
-8.797088001128858537e+01
-2.120278880821093139e+02
-9.500250190629364511e+01
-1.640309501501357659e+01
3.017086651444691370e+01
-4.625321261436985765e+01
-9.296195617169313152e+01
-7.622511632883697530e+01
-6.682258578183976283e+01
-7.626130610078691063e+01
-1.026833302056297583e+02
-6.388272060780366246e+00
-6.528545869306321947e+01
-3.121796160258540453e+01
-8.683099016044465657e+01
-5.446428095929611857e+01
-5.612788806293272614e+01
-6.986173829066606800e+01
-1.212634708608350138e+02
-9.965775288632451634e+01
1.275882781454427572e+00
-4.238931659175283073e+01
-3.958088025762955908e+01
5.628069385802390912e+00
-4.726808741137888603e+01
-6.574103142891028995e+01
-6.656594922898599975e+01
-6.593287747510593988e+01
-3.192412317385635845e+01
-9.283965566893294863e+01
-3.499175398420656791e+01
-6.930072693852568477e+01
-2.215225278363242012e+01
-9.330266481057446981e+01
-9.516546819923478040e+01
-1.705097266029120817e+01
-9.053860890724617150e+01
-3.152688695312855316e+01
-6.285155141925216782e+01
-5.883696812244788532e+01
-1.037924700206575466e+02
-5.613702565290752489e+01
-3.070570100425099724e+01
-2.917658127053367423e+01
-1.230977068183248235e+02
-6.301898536694825737e+01
-1.758178544076644130e+02
1.034814114931470783e+02
-5.994755465362860747e+01
-6.206520226828070008e+01
-5.074249650251842070e+01
-1.871121341565019236e+01
-3.611084605441689632e+00
-1.265319576882495483e+02
-4.721502292104699450e+01
-5.656050165722487577e+01
-4.422470248535418591e+00
-1.686985026562418000e+02
-1.816596818939228797e+02
-6.001006556856229679e+01
1.307900348967039861e+01
-2.181370554888546565e+01
-2.548126721457450117e+00
3.547900456943565928e+00
-3.903923750496106493e+01
-1.562727441786011582e+02
1.042287815910490423e+02
-3.893021748017988415e+01
9.210502771148782131e+00
-2.000374954598916588e+01
-4.724084507693574153e+01
-7.379496388163325094e+01
-5.904189998780346116e+01
-3.342074545749866843e+00
-1.009576297391669613e+02
1.014827068602305218e+02
-4.835062791084224898e+01
-4.571307705044172565e+01
6.806981969562386325e+00
4.042019044253575544e+01
-1.073715093874145623e+02
-2.251203029329000174e+02
-1.562952345708660573e+01
-1.548433565641188636e+02
-4.250954646477329391e+01
-2.124066914438725462e+01
-1.905736742807848714e+02
4.719421560405660898e+01
-1.968897080164216007e+01
1.094679074544585262e+01
-4.601371093344950225e+01
-2.490909566580580474e+02
-2.556839680648560602e+02
-2.177976074120464034e+01
1.969764449704523201e+01
-9.845784225116972266e+00
2.741081900374666702e-01
4.967191440420992876e+01
-6.937429866246934296e+01
-1.385933895046331656e+02
-7.277011405396687849e+01
9.173363009306058302e+00
-1.285487745615065762e+02
-2.228115064621331953e+01
-8.518200697336058624e+01
-6.688176999492080199e+01
-1.410667329342403775e+02
-6.739254597059812113e+01
-4.236798387179700143e+01
-1.264428831018439894e+02
7.988127286265211069e+01
5.521954667885380807e+00
-8.169148838441773819e+01
-2.018713109670423478e+01
-1.986066339962447387e+02
-6.528495702383185062e+01
2.470590112111499259e+00
7.602651646245912787e+01
-1.360537772853467686e+02
-1.053854544229501755e+01
-7.924207299535565596e+01
-5.915768322017000713e+01
-5.780816985297150268e-01
-4.655205522576686406e+01
-2.089801584673099555e+01
2.126261884266439495e+01
-8.260815631043911367e+01
3.967969257379234449e+01
-1.063584186191017693e+02
-3.906197817885868062e+00
-5.586109515595985897e+01
-7.811106404438129402e+01
-9.073044497346288040e+01
-1.810409997472987698e+02
4.844220549673188714e+00
-2.087061668364636944e+02
5.991249833979246375e+01
6.549696260633766087e+01
-2.425073795465513626e+01
7.727816501482892875e+01
1.738318345872685811e+01
-4.101614703918994564e+01
-3.953688640364857676e+00
1.061939630497079179e+02
4.430550612672021771e+00
-1.006267274486336447e+02
-2.138195501443199475e+01
-9.914675489111154150e+01
9.879523706572545194e+00
5.238545828443966457e+01
3.091351406057512108e+01
2.234586556486336306e+01
-7.347070161618809436e+01
-1.306186009933474779e+01
-7.788243448790062473e+01
8.144221380500331975e+01
4.972429687182344082e+01
5.278268067190208512e+01
-4.454616806472067481e+01
1.205516807131570722e+01
7.404013286417601591e+01
6.705915226902408222e+01
-1.645205142521115960e+01
8.327290377847369029e+01
-2.304716947430685003e+00
2.250114074050077306e+01
6.676655236707453867e+01
5.806454835666234260e+01
6.055224349679428997e+01
4.166693935346413014e+01
5.977606361141775437e+01
3.244498807475925162e+01
7.513658890998678430e+01
2.191637643757418275e+01
5.653623470697564812e+01
3.455812915928665063e+01
4.296723122408846507e+01
1.622718008223990083e+01
9.112217343944513104e+00
2.170046832394741898e+01
2.032272975234712575e+01
6.389361841699505362e+01
3.989609691446043627e+01
7.610226607584075964e+01
7.538989836347882090e+01
-5.841962649299909316e+01
3.038399959905240522e+01
9.104665085400432645e+01
-6.415448328428576019e+01
5.841488431436665962e+01
4.810408271007215575e+01
3.965455740151843855e+01
3.919625188775711422e+01
4.978533686065448194e+01
6.852468625579749073e+01
6.043646185084833888e+01
8.992697806994232224e+01
4.480762801115518101e+01
6.196787023562932006e+01
5.693915263784908376e+01
6.344819637503562149e+01
8.935372650794136007e+01
8.265829131876056124e+01
1.308028181151723004e+02
6.323516780306483298e+01
8.632305269397325276e+01
6.657146468480979351e+00
2.569636581029837075e+01
6.758872869747585810e+01
4.739256936620354566e+01
1.053601979168745970e+02
3.966612766692760772e+01
7.920159438973024635e+01
-2.598729767496118725e+00
5.214460976443064055e+01
7.882901863136122245e+01
6.299853080825392482e+01
7.185139628017729763e+01
4.390633558848927720e+01
3.031554337693271606e+01
6.162686021339747100e+01
4.532964071716003929e+01
6.152389601692157584e+01
4.320111695279415187e+00
4.106738711473455794e+01
7.176687413354270006e+01
3.865624942800751285e+01
2.312563274459109763e+01
5.916285196431748261e+01
4.100092929332767966e+01
4.012006039643569011e+01
1.015437134417392286e+02
5.711723449664642516e+01
9.729821986725038130e+01
8.551643038519263484e+01
-2.642449700911464561e+01
8.877615581338397988e+01
-2.424685433855368899e+02
1.358515172257501717e+02
9.162073664780274385e+01
9.701960799006897673e+01
7.083221675915649485e+01
1.955896580404789376e+01
5.721384661851453046e+01
5.923542391571736232e+01
-4.789217223257510625e+01
3.953645440229855268e+01
6.252297939235313606e+01
7.481739977039767098e+01
3.597742995109445729e+01
5.422832720339010137e+01
5.854974265133446210e+01
7.796892580151367724e+01
7.629893290019289509e+01
7.577160711900070567e+01
4.061920356465645909e+01
2.095117773707511333e+01
-4.504405883269792810e+01
1.420101769746397338e+02
1.258001955325032242e+02
8.594132983566888129e+01
7.658666764611055555e+01
1.078234368723939554e+02
7.059619816885312105e+01
6.541032977076353916e+01
5.558191362139949376e+01
3.726845287232715265e+01
1.150653901171146032e+02
3.681545540853793597e+01
2.407701039049704761e+01
6.860441360835416447e+01
1.113170502120722745e+02
1.867642352644505763e+02
1.212585397888435779e+02
1.153443122132409258e+02
1.313468279612352774e+02
7.379624660019581484e+01
-9.649505484117380405e+00
1.411909460477237985e+02
7.410660648908151416e+01
1.518610614581420180e+02
9.250915297511085100e+01
7.142041259844529577e+01
-5.194658094286342020e+02
8.768598616055355421e+01
1.354683823718077917e+02
1.734426580304671006e-01
7.879516671733449584e+01
4.344557155553079753e+01
5.449868324494235594e+01
1.158009318331468620e+02
1.368850328541182648e+02
1.409522603957177580e+02
-1.572715556165509554e+02
5.467131875028240984e+01
1.184075857420526177e+02
1.617883485920447697e+02
2.624243647191789250e+02
2.388892297260463806e+02
-8.614228319399487077e+00
1.260065224460494449e+02
-3.662475618094921970e+02
1.803490956191769214e+02
1.797945221522201962e+02
1.408354787089670879e+02
1.214096187955208990e+02
1.970218772870307475e+02
7.140914465052730975e+00
2.700068803712215413e+02
-8.240882098423091406e+01
1.070433723287719801e+02
8.702460663823092091e+01
2.450462858032377937e+02
7.678879942052692797e+01
1.155093898440550078e+02
1.164166690733597704e+02
2.723185254194918343e+02
1.963594916239531472e+02
1.175615195420579653e+02
-3.147627063458861585e+01
1.236351451142179201e+02
2.291039607923740959e+02
1.624467592401083493e+02
2.185364170779809569e+02
1.329841833546652481e+02
1.506425410120828019e+02
2.362342524988505374e+02
7.749511209492683861e+01
1.140853810424061976e+01
-3.170624435533285634e+01
1.785940638613691078e+02
1.800905917551543212e+02
6.618874789795333413e+01
1.237098796316381595e+02
2.581673250326398943e+02
-2.890173583414953384e+01
2.103153813584919192e+02
2.086473188568078854e+02
1.156070132815734439e+02
1.549724165527811124e+02
1.630783222494679308e+02
9.278969296846182147e+01
1.425545272250314213e+02
3.848483264449470198e+00
-1.619645093996697938e+02
1.315703934467758245e+02
1.357705577060706901e+02
2.760407858133156651e+02
2.172430226436443945e+02
2.201005369755407060e+02
2.067361054238915301e+02
2.417412113036863559e+02
2.159770767746041429e+02
2.638014097047087034e+02
2.216592894985943758e+02
1.780718412703832314e+02
2.797703016723035034e+02
1.550679238019525030e+01
1.188889696198101262e+02
5.510835518502805996e+01
1.405750103268329667e+02
2.750731717285214586e+02
6.752324592209401999e+01
2.038454241071689239e+02
2.324636753340549546e+02
2.602060133966244848e+02
2.448664410219445813e+02
8.743490598033163508e+01
2.362394289363658402e+02
2.482525328316931734e+02
2.520267505664282055e+02
2.429992381894739424e+02
2.613170444075068133e+01
2.557782886349867510e+02
2.144714507773896912e+02
-5.711089604888624649e+01
8.607461672754968163e+01
-3.510582546800424097e+02
1.754419846500332767e+02
2.398907514639874421e+02
6.027756287483957465e+01
1.437778837113229713e+01
2.913852279606977191e+01
1.397619960611859256e+02
1.309457367546733622e+02
2.770408522610888440e+02
2.023585327450259683e+02
2.413068579651313428e+02
2.620941595985934782e+02
2.064410325428683848e+02
2.363313070025154161e+02
1.460454140300987547e+02
2.198936329776880712e+02
1.311868878459955567e+02
2.335029799089514029e+02
2.063685497011223049e+02
1.896539196176920541e+02
2.774843096251081533e+02
2.159831618665601525e+02
2.618822291565700198e+02
2.550109475604622560e+02
2.446179952037768146e+02
2.993733956222020538e+02
1.172755997423587218e+02
2.955682689676293649e+02
2.461002858578897872e+02
2.441384442874295360e+02
2.755299703953450035e+02
2.062619115110240955e+02
2.622567348786652701e+02
