-1.792074329741325300e+02
-2.081495048845782208e+02
-1.034298751822862528e+02
-9.213114248801362294e+01
-9.202168769054033248e+01
-8.660526350533547202e+01
-1.707974960891292824e+02
-2.027189793655060726e+02
-2.229891608507168996e+02
-3.694417072158714745e+02
-1.160537058363452587e+02
-3.620183696003148270e+02
-1.930764128669739534e+02
-1.228948191726348540e+02
-1.637396731197212887e+02
-1.000863451724554665e+02
-1.084706233065040237e+02
-1.443998588642733694e+02
-4.479813251806749719e+01
-3.747968940871614336e+02
-1.060949274374075912e+02
-3.071038786526277136e+02
-9.620249563668670589e+01
-5.841458611224434208e+02
-5.270946311789982701e+02
-1.883786696517859127e+02
-1.600318907805099116e+02
-1.015845862019886852e+02
-3.145497880067384813e+02
-1.161042092970934050e+02
-7.667339081689411273e+01
-1.397110509398578984e+02
-3.183665491340825611e+02
-1.041926533992620989e+02
-1.299105114233194058e+02
-6.562406872382764789e+01
-2.496766387577176260e+01
-2.166585119676319096e+02
-7.504373085165872226e+01
-9.233175966558221148e+01
-1.902290258904913571e+02
-1.009231513032265326e+02
-9.328355143711181086e+01
-2.137587260671663216e+02
-2.244318223561791115e+00
-7.778067250699257329e+01
-8.922396791071379596e+01
-1.603637016007210434e+02
-1.568501438921851729e+02
-5.699930230966194245e+01
-7.906487394022873616e+01
-8.033166459766766820e+01
-1.563535539044661391e+02
-6.645180895017168154e+01
-5.404650573639430888e+01
-2.321752873406363449e+02
-8.147134802782437646e+01
-1.396523387262452047e+02
-8.161062036672791464e+01
-8.401195432481418379e+01
-7.836885106726948891e+01
-1.003484737926449384e+02
-9.414698934680899356e+01
-9.531026724456765464e+01
-1.549415765186838598e+02
-5.055367870917440598e+01
-1.205836768024760772e+02
3.047882146887465638e+01
1.629005138983274037e+01
-9.375747659080498408e+01
-5.555983487096104767e+01
-1.262621682033902886e+02
-7.743709072655214243e+01
-8.046482288066314936e+01
-1.063891957450884433e+02
-7.845853356657909217e+01
-8.658486873635482084e+01
-1.688745924272106436e+02
-1.230852396357978193e+02
-1.900313756698122631e+02
-9.059382796497446577e+01
-8.842034925164183790e+01
-2.366317940816659871e+02
-1.078066791131354876e+02
-2.377099405144306843e+01
-6.349025477400657280e+01
-6.831244551412528665e+01
-8.191090274569148733e+01
1.642381650924377823e+01
-5.640167892013107576e+01
-8.789883219111148094e+01
-1.129982810573816607e+02
-5.964625158770540736e+01
-7.139950668476845408e+01
-9.867829730839888214e+01
-5.875729750991084899e+01
-8.923743558433969270e+01
-1.922525562455186900e+02
-5.401784348989558993e+01
-5.858829376208102246e+01
-5.988725599919115439e+01
-2.469856447303499181e+00
-1.003791530869392119e+02
-7.872984936245009635e+01
-7.292257245794819198e+01
-1.450817266297987089e+02
-2.549476126707152446e+02
-9.174495365301157790e+01
-4.991749066276296531e+01
1.966838616913278770e+01
-2.706075661957714829e+01
-1.032757431112739539e+02
-3.728158885097489872e+01
4.253442091002170855e+00
-6.667632124378062031e+01
1.390837033367112952e+01
-1.158504417561722448e+02
-3.109121467265212857e+01
-1.857658570393199682e+01
2.582790436092707864e+00
2.985393277480113738e+00
-7.796357291361121611e+01
-7.297495766649277016e+00
-1.313526897397075288e+01
-2.412998277817008841e+01
-1.030366580215513466e+02
-2.869680986190136309e+02
-2.678678592769615534e+02
-5.955948559414212973e+00
-8.626053441572280178e+01
-2.097278117427488553e+01
4.390464100210685672e+01
1.837236678222259911e+01
-2.692228818832219872e+01
-5.506214581929293672e+01
-1.114882428648306245e+02
-2.300013989750028998e+01
-6.311796932284755712e+01
3.360804360502584132e+00
4.599786080557791479e+00
-4.638527735658257711e+01
-4.657902383515317979e+01
-1.658263722567285754e+02
9.615371932855239834e+00
-6.911326096265284491e+01
2.234787156239363526e+00
-9.838384307561184983e+00
-2.690795296520104785e+02
-8.915248076070498939e+01
-3.167161626320063306e+01
1.349404149704697886e+02
-7.034894153022142405e+01
-6.260892367457421415e+01
3.853129707857385711e+01
-1.917264393062483236e+02
-4.341760574009286699e+01
-3.484483764715632503e+01
8.521580528291679002e-01
1.139465623404510666e+02
3.046669937398052852e+01
-3.868581330596436274e+00
-1.219811196415883758e+00
-2.761587709773244228e+02
1.249937083010910897e+02
-2.509280865542204992e+02
-1.602348673810320179e+02
-1.891126068876615705e+02
-2.781543168774035735e+01
-2.980969572074866392e+01
1.956775234372605610e+01
-3.308066181288228336e+02
-2.241620604902458780e+01
-4.373492497056345485e+01
1.427965198093045274e+01
-6.903889413372418460e+01
-1.391489361454782525e+01
-4.868418417690202205e+01
-1.009372328790902031e+02
-1.264854393440525939e+02
-1.650022235679002449e+02
2.372763217660789081e+01
2.859666111309532965e+01
4.062412173644786151e+01
-6.171826493825705029e+01
5.205809957344807515e+01
-2.028631789304598954e+01
-1.074223926244456635e+02
1.284119595772763489e+01
-8.889737808999313984e+00
-1.565696140049091412e+01
-2.138267254223478631e+01
4.470962658939864554e+01
2.427925482901827081e-01
6.476341949697645362e+01
6.335136605616436611e+01
6.931223578465137791e+01
-2.397320364810895654e+01
-7.427410985767360785e+01
-1.186879445663683441e+01
-2.178338374194098037e+00
1.493703263567942763e+01
4.308657190925676161e+01
5.695729312784025922e+01
6.015047606106078604e+01
-1.002419785476299552e+02
-6.587828179182022836e+01
-1.679300957088240978e+02
1.180879596737597836e+02
-2.002458112588912797e+01
-1.901494832607301078e+02
4.929023367031930292e+01
8.357643124758001818e+01
-6.043474805671287697e+01
-1.054885587913051523e+02
-1.157286602244450080e+01
-2.043840599240975848e+02
7.862310085980351460e+01
4.399474096181877059e+01
7.690515618287075483e+01
-2.351009098608912495e+00
-4.545905835805864825e+01
-7.124309178805631859e+00
9.925860897388437820e+01
-7.366522923756112107e+01
1.007377812226720692e+02
5.800761956619062687e+01
2.171317390019412841e+01
-1.251095291259549356e+02
-1.281254947016797985e+02
6.284692604725447751e+01
4.682737862272593787e+01
8.247155455799591550e+01
5.696063972238148665e+01
1.128486639980692985e+01
8.428716105848394591e+01
-7.572610724493917189e+01
-3.510151290477047326e+01
-1.671832092466349451e+01
-8.402149863860259416e+00
9.958511652696310534e+01
5.531209403522000656e+01
-1.653136846464818177e+00
-1.292851252288438104e+02
3.896851204221576381e+00
1.153915543037219891e+02
-1.750365335832199776e+01
-1.853914157258473949e+01
7.249778259687464299e+01
2.801140252692474775e+01
9.237796014109247267e+01
4.887498899709004263e+01
1.957970843961302876e+01
8.547179574460102458e+01
4.849279557773893146e+01
2.655088944247602001e+01
9.760288136592872377e+01
-2.942060880260792999e+01
9.709046550696724864e+01
-1.577605574680438281e+02
8.569230148031348904e+01
3.010578638969122878e+01
6.111169720976907627e+01
-1.275560544096491356e+01
7.691113175637289601e+01
7.009878212817721987e+01
1.010066760498433069e+02
-2.221167293766718558e+02
4.641365255728101147e+01
-9.542487496133915670e+00
9.673633610197722987e+01
6.616979763127190495e+01
8.741552770451190213e+01
-6.582748679868282693e+01
4.996364491285019227e+01
5.742468143629734811e+01
4.087024368064497537e+01
6.032533397829394772e+01
1.085796613256824799e+02
5.595114708305047202e+01
7.979449116212956028e+01
7.842505707481106469e+01
8.949308798130273601e+01
5.632844568135222829e+01
1.921976581355355052e+01
7.674105974855713441e+01
6.762658544608056843e+01
-3.451194741084245621e+00
2.941264670749183097e+01
6.699220808761934620e+01
6.780126458551708879e+01
9.416460796966843816e+01
3.124077866829419037e+01
7.181995891299045809e+01
6.904291040383260736e+01
9.824422513986208116e+01
7.120758910888794446e+01
-8.702631286204432115e+01
7.544682100853083284e+01
3.489040158992014540e+01
7.367963697682506563e+01
7.016988041748518867e+00
-3.381546153607096983e+01
9.992621720063512214e+01
7.613185119901567077e+01
8.886737409403562538e+01
8.036872245566630113e+01
1.139843667553511324e+02
5.219883131524211706e+01
5.135003243773805792e+01
9.580140932243959639e+01
4.755185737398568335e+01
7.188842045206209264e+01
1.244779374230113405e+02
7.221588733458908393e+01
-3.566710618042368708e+01
1.037067904602854469e+02
7.784607082712096826e+01
5.358765112771149575e+01
7.530955357198477884e+01
1.274691802780814385e+02
-3.452689248290009516e+01
5.868826857625473536e+01
6.389745231845398621e+01
1.003070022846293625e+02
1.014498601443351902e+02
1.261715031219851397e+02
1.110722471123781077e+02
7.420759853401523287e+01
8.650987072196798522e+01
1.322620720902042706e+02
6.838057627883600276e+01
6.402520067602146980e+01
5.228398935369252598e+01
2.232049013747636934e+01
-5.356508748964357913e+00
4.052460699304144498e+01
8.863305629680861841e+01
5.059165046937297205e+01
9.134889690224053993e+01
5.482581600758184948e+01
6.599201877807021788e+01
1.320351077541573659e+02
7.488792568956915829e+01
1.634776127040120457e+02
4.396575652801977441e+01
3.905633743889876541e+01
8.494431859912771188e+01
6.276882298073304156e+01
4.846120610529175821e+01
7.707041726816443372e+01
1.126768119693832801e+02
1.043245001154767095e+02
2.633389863478430470e+02
7.905445401903556046e+01
7.152547611150068008e+01
-6.769749217183050227e+00
1.443541364404329101e+02
1.398262549553287784e+02
5.715844049718370457e+01
9.922073338059391290e+00
2.344421062080419915e+02
5.803415495861731443e+01
1.386500283350119958e+02
1.316928049166543531e+02
1.503955544252049776e+02
1.705373300834637291e+02
9.528115779991581746e+01
2.824082879990201036e+02
2.455350344842219386e+02
1.070725560029187022e+02
2.557192838427696699e+02
1.432256349056847853e+02
8.988947303007904566e+01
1.583900182950971498e+02
2.690015914692287424e+02
2.711578919250190438e+02
1.057420626076866483e+02
8.514915525472831348e+01
-2.269798745741891821e+01
2.506599902571315965e+02
2.556340510749821533e+02
1.572295710446979911e+02
2.757422485710985711e+02
1.408926733472135311e+02
2.467799963217439370e+02
2.616138470945342647e+02
2.847004844875312983e+02
-9.602911028116039915e+01
2.656257412614779128e+02
1.462397431662160727e+02
2.746720200831576619e+01
1.685194145702092783e+02
1.646865223717823596e+02
2.345795591298438296e+02
2.416946291193938805e+02
2.587410323464600310e+02
2.489985251803421988e+02
2.478188833485779980e+02
2.981481989188902162e+02
2.916410874194420444e+02
2.317194360177463182e+02
1.599161836690976202e+02
2.786945135830173967e+02
2.705963193823927213e+02
2.777737651509362422e+02
1.782143369262615238e+02
2.943525294782860442e+02
1.533259483948448008e+02
2.857055284639609454e+02
2.538552047167805483e+02
2.562774587417892462e+02
1.701004231811662066e+02
2.496904986103273814e+02
1.736368977244160305e+02
2.535575318372480638e+02
-1.884570927221837451e+02
2.556528471710933843e+02
1.642599540668275608e+02
2.983987610079835235e+02
2.497885486489602158e+02
-2.656152764536979021e+02
1.541499066628524304e+02
2.721120828632854227e+02
1.430567545388126689e+02
2.783807897609410702e+02
1.636026036195945608e+02
2.603024725044182333e+02
2.695763409099490673e+02
2.604730676922374641e+02
2.018003433585811308e+02
3.008190317070014999e+02
-4.025250899719390532e+02
2.568910227604688998e+02
-3.776116978800857851e+02
1.246964224125154317e+02
2.501946936831831749e+02
2.492715184961891737e+02
1.031295355086611636e+02
2.758820334928124112e+02
2.581545776199928355e+02
2.371518727743066961e+02
2.627064357660811993e+02
2.806226725909228890e+02
-1.819154632549508221e+02
1.231989085337023369e+02
2.897219336042657005e+02
2.567974625590774167e+02
2.971902242942358043e+02
1.390225615028008121e+02
2.670111166078562519e+02
1.560041175668163760e+02
-1.398299781417416909e+01
2.614714768041033039e+02
-1.905355120978739762e+02
2.504401022231926959e+02
1.176251207934305967e+02
1.681081566586796612e+02
2.630319778372222572e+02
1.562928315187451460e+02
2.670419305477113880e+02
2.712719897228106447e+02
2.597868943048323445e+02
-3.450739867975121342e+02
1.127223452129921526e+02
2.444952440390379422e+02
-5.374546358640643007e+00
2.481818001188295852e+02
2.727680639625167487e+02
1.333163744969896811e+02
2.588540063726465519e+02
2.706800370144789554e+02
2.863037253721591924e+02
4.151214900458427337e+01
-8.892867521304182787e+00
2.530019704307267716e+02
2.788594321299993908e+02
2.107838761189258889e+02
1.662508067787082950e+02
2.997100572161240279e+02
2.918663925422780494e+02
2.586463793790103409e+02
1.335749429290199828e+02
2.835029558951478066e+02
6.552594145241261003e+01
1.900696620903579515e+02
2.912413443172922598e+02
2.668829077684381446e+02
1.991581556275620244e+02
2.762711985744275580e+02
2.746264693291205390e+02
8.738749659700961558e+01
2.530791666533298780e+02
1.321583601751585775e+02
2.836125321476868066e+02
2.515348835321008778e+02
2.883756086720826488e+02
5.236750903368816523e+01
-7.675323653312497996e+00
1.031418186622446882e+02
2.547533612512871741e+02
