-4.775461651586464313e+02
-3.600249649482310019e+02
-4.182609959886755746e+02
-4.167762096150380557e+02
-3.668159600979086576e+02
-3.556889480984711440e+02
-3.419963372162731616e+02
-3.415089181355133405e+02
-3.499957140856988644e+02
-3.367742288781807360e+02
-3.526807379805384812e+02
-3.439254785074161305e+02
-3.292923928930596276e+02
-3.233535505120690914e+02
-3.331007852177415884e+02
-3.446138844534843315e+02
-3.419417260763488571e+02
-3.411232186515306921e+02
-3.501143010539856846e+02
-3.329268622425664717e+02
-3.312367387891782187e+02
-3.327410642525371713e+02
-3.364222995314434002e+02
-3.425588535400522119e+02
-3.385795484383854728e+02
-3.363959942537427423e+02
-3.406922677687891792e+02
-3.416963498136146882e+02
-3.393244460433721201e+02
-3.381553444700494993e+02
-3.370681757343770641e+02
-3.416405257357982919e+02
-3.399635792495428745e+02
-3.305728993391115864e+02
-3.295476547272988341e+02
-3.260305140481761441e+02
-3.229793648866639160e+02
-3.154245429836753942e+02
-3.144132496786568254e+02
-3.093127585961055956e+02
-3.049109815853741452e+02
-3.046621528244015167e+02
-2.987763328147424886e+02
-3.043973192677627253e+02
-3.026038321720020576e+02
-2.989828979999228977e+02
-2.940572747216551193e+02
-2.897881562815999246e+02
-2.836493842951945226e+02
-2.789649218411674383e+02
-2.729341733123667382e+02
-2.704171723279782213e+02
-2.643782557631711256e+02
-2.654920482197509273e+02
-2.624875651941944739e+02
-2.615686851318118329e+02
-2.589266112652485390e+02
-2.546834837033509586e+02
-2.496674851798186126e+02
-2.472384343561642481e+02
-2.435672246197185586e+02
-2.401058544582729439e+02
-2.374808588863758416e+02
-2.317949652655980231e+02
-2.290071702487914820e+02
-2.248991730740700064e+02
-2.205074675148968595e+02
-2.169724850976944595e+02
-2.128566682196714055e+02
-2.085161602500959361e+02
-2.040814881416376636e+02
-2.025411375124583913e+02
-1.996308876867935567e+02
-1.967648862362841840e+02
-1.961103190630028053e+02
-1.919063596754591856e+02
-1.889791880278522456e+02
-1.855478622964951683e+02
-1.847086665664333509e+02
-1.808097191608228513e+02
-1.802048319382337809e+02
-1.787616119105437917e+02
-1.756241697760893601e+02
-1.717485141840077745e+02
-1.686616832217840170e+02
-1.660921863348611680e+02
-1.627869657790635927e+02
-1.592580746795036930e+02
-1.585600770399655062e+02
-1.584094061840332017e+02
-1.563758102390072509e+02
-1.540344473929003470e+02
-1.510964785738963485e+02
-1.490868176609664886e+02
-1.467716624487091508e+02
-1.460502751341375642e+02
-1.435252111155490979e+02
-1.411944862298778105e+02
-1.405379427306671971e+02
-1.399377312071988797e+02
-1.346380601928521230e+02
-1.320094092253998213e+02
-1.253704970055148920e+02
-1.206348007093838390e+02
-1.178296807077936279e+02
-1.155569615774633547e+02
-1.116571452164564704e+02
-1.071618074125871374e+02
-1.017972881749917065e+02
-9.808239048161968299e+01
-9.174308143262528858e+01
-8.795561138690980840e+01
-8.493571272792632953e+01
-8.143648806582136501e+01
-7.560722506790146724e+01
-6.916296557031689929e+01
-6.471501017851154813e+01
-5.981541259660068732e+01
-5.315225646400654824e+01
-5.143229786546229576e+01
-4.793187380053583979e+01
-4.291609722389865311e+01
-3.752850643932838182e+01
-3.089340687806411623e+01
-2.698318691777792822e+01
-2.312239699500187839e+01
-1.699656174768086103e+01
-1.243645399822878694e+01
-8.109624412779270486e+00
-4.071472978237834717e+00
-1.204458725026656962e+00
4.568423851373294653e+00
8.392807339268809841e+00
9.452757478193230867e+00
1.352476744090465388e+01
1.707786285490655942e+01
2.083141024323359858e+01
2.219888813081856682e+01
2.639140256160191100e+01
2.908823252400673098e+01
3.089999103604584008e+01
3.478439845588113144e+01
3.610994730136420827e+01
4.233131563518375629e+01
4.615199130646793435e+01
4.881266452969624936e+01
5.121956472221214085e+01
5.351737107642342295e+01
5.464471583119124176e+01
5.629056005115001682e+01
5.730265531126909906e+01
5.947927367732527415e+01
6.042013183542881194e+01
6.386047556933637992e+01
6.594369940965535193e+01
6.972673844651144748e+01
7.210523676579667551e+01
7.367048685932866192e+01
7.345756339288273296e+01
7.569499893867453011e+01
7.660808936513790002e+01
7.740635397448470201e+01
7.960342108251164461e+01
7.962532143718733835e+01
8.189632387939612101e+01
8.294027352393148078e+01
8.341028607462526168e+01
8.455730171566008835e+01
8.541067644208865772e+01
8.486063364371064210e+01
8.524345644184545279e+01
8.666330599539996626e+01
8.713998519251967423e+01
8.751962165411687522e+01
9.017366314169434816e+01
9.064404721263633746e+01
9.087839142629614742e+01
9.106335032511282179e+01
9.280721837354263926e+01
9.301591590601017856e+01
9.557945838404857852e+01
9.738450649870766540e+01
9.697397404945914445e+01
9.705506175130403790e+01
9.750776857734430791e+01
9.745359005340937131e+01
9.779502812919530186e+01
9.771983135142261290e+01
9.924319552459060390e+01
1.021726849529305383e+02
1.030996692329691768e+02
1.042509892798960607e+02
1.045605480694185587e+02
1.057397846166943793e+02
1.067251946856888338e+02
1.089806615943214325e+02
1.091467295592158848e+02
1.096356149271484952e+02
1.121937008750129650e+02
1.139888730792019516e+02
1.148275602392331649e+02
1.157427749514124287e+02
1.158050868217623304e+02
1.165233683690168505e+02
1.167608720046009694e+02
1.192933012734448823e+02
1.191637621478057127e+02
1.192565749469176808e+02
1.180661729327703569e+02
1.180538835300201583e+02
1.166684616284853320e+02
1.167833809693654388e+02
1.170394607775536855e+02
1.176921085425797600e+02
1.176602288603762787e+02
1.175170026442074800e+02
1.174120013768834525e+02
1.166459508736207908e+02
1.164581173219767720e+02
1.165572652339643156e+02
1.171774970598270329e+02
1.155826590966388920e+02
1.148166852591368325e+02
1.140840925478875931e+02
1.138728542882500960e+02
1.142711007508060845e+02
1.143587362928336120e+02
1.136263376169521564e+02
1.135988044938942352e+02
1.131869960730852824e+02
1.142740870628402234e+02
1.145978030518945587e+02
1.151862756039916889e+02
1.158677036688750377e+02
1.160004448980006657e+02
1.168450267495950499e+02
1.166757842921397099e+02
1.166949303938065015e+02
1.164840159938070627e+02
1.158531501730866893e+02
1.154992840948590072e+02
1.156043634725099167e+02
1.152179556654877217e+02
1.161749409970956322e+02
1.159681813889619519e+02
1.159130992901642827e+02
1.158586642960030417e+02
1.159814310468855183e+02
1.161947825569196340e+02
1.164700859503161325e+02
1.155112594246475624e+02
1.160836996210569652e+02
1.145725323918396867e+02
1.159600758478137834e+02
1.154390527575789918e+02
1.155691733831583576e+02
1.153795436496293263e+02
1.154229185759945722e+02
1.166335229155962594e+02
1.167648587149616048e+02
1.174048292158447850e+02
1.184168096905878684e+02
1.181714130456574594e+02
1.186951571591987005e+02
1.187072743943743092e+02
1.182139935831569773e+02
1.183300813869382182e+02
1.175286689855780935e+02
1.172884881828803856e+02
1.183996959183481721e+02
1.183711575635833668e+02
1.193993399549566874e+02
1.200446257001331674e+02
1.211370180104092498e+02
1.189118221411029594e+02
1.188259742369121312e+02
1.210419200295761897e+02
1.209789453056138768e+02
1.220052279724772291e+02
1.205427897432278428e+02
1.203516333904937881e+02
1.203522612156044289e+02
1.217721138124922931e+02
1.219391170282935519e+02
1.221377890221005202e+02
1.229204127943379916e+02
1.231532591482110490e+02
1.236068275900311590e+02
1.251489096130673602e+02
1.219118776295968161e+02
1.224348232479832603e+02
1.221746740487496936e+02
1.218522412976331140e+02
1.179803489928148394e+02
1.182547211542413095e+02
1.184467283684947745e+02
1.192059583729216712e+02
1.192687578534200981e+02
1.191696194048639512e+02
1.195705762131732683e+02
1.196669160702380594e+02
1.200797997468473710e+02
1.206816820944976456e+02
1.206188016381660191e+02
1.204755840231609199e+02
1.206951436838599676e+02
1.211175889555793219e+02
1.215485112656101450e+02
1.228781115625657065e+02
1.228476553560357019e+02
1.247112725745733997e+02
1.230839627608944795e+02
1.228316558276997199e+02
1.221634871186414841e+02
1.221209115758692434e+02
1.219605530280254726e+02
1.217726483835474340e+02
1.224893645802920332e+02
1.241295553888643610e+02
1.233907102504508089e+02
1.242704868350229361e+02
1.262456686243185544e+02
1.272883138723641565e+02
1.279641690721193896e+02
1.297267978675619702e+02
1.295595177730824048e+02
1.308568582806199174e+02
1.328147114799556903e+02
1.295260156446935298e+02
1.316082018172449750e+02
1.324536628886286849e+02
1.328407626791446319e+02
1.341713640195799542e+02
1.352569687793600224e+02
1.369224463523715940e+02
1.364621686501703266e+02
1.368323269731679090e+02
1.389780271467378441e+02
1.396101368722044356e+02
1.400765190104665407e+02
1.409441474103653604e+02
1.423588978441460426e+02
1.399577637358677862e+02
1.408860221107669020e+02
1.410285717703677904e+02
1.426393277889729632e+02
1.430319722320318476e+02
1.426670882332034012e+02
1.429044836430386169e+02
1.432293271032998803e+02
1.447380315935508577e+02
1.437671423540666638e+02
1.454886772726334812e+02
1.456693149446604423e+02
1.480639363996326949e+02
1.486089606496387319e+02
1.475351483713770051e+02
1.479874105067121377e+02
1.471526008669262069e+02
1.478867886533921876e+02
1.486153397887299263e+02
1.476639503144910464e+02
1.478918721324619128e+02
1.466556120424056360e+02
1.455269337462463568e+02
1.465728991966552428e+02
1.480095491406578105e+02
1.492641013327031771e+02
1.505927223075455856e+02
1.505610011359753742e+02
1.505823047696057984e+02
1.522024230062240804e+02
1.525693220869384845e+02
1.538991869934507690e+02
1.567992778786425561e+02
1.569325590236953758e+02
1.569193733392124557e+02
1.588958947532709090e+02
1.589849988917553958e+02
1.593839585884775545e+02
1.589798928492215282e+02
1.595162494288330208e+02
1.600208963839015155e+02
1.602274029337219758e+02
1.590836343852944026e+02
1.595604313100992329e+02
1.590519834740779004e+02
1.600810689603739831e+02
1.609618906484388390e+02
1.648037267628516815e+02
1.658396908991109058e+02
1.660967481682564539e+02
1.668598829677933963e+02
1.719646719716983796e+02
1.718273906171516217e+02
1.725339799688136964e+02
1.735343237906942591e+02
1.738034262707756739e+02
1.734045269248879038e+02
1.752629157519965872e+02
1.767237129085120273e+02
1.755775890810217561e+02
1.763801226286359451e+02
1.780035206179788929e+02
1.795763083904524251e+02
1.789952072147402475e+02
1.789872223195552863e+02
1.803625521964501957e+02
1.805463784900726694e+02
1.820254231698682190e+02
1.830393751718488033e+02
1.860620887460192421e+02
1.854318132255722844e+02
1.870532017721696718e+02
1.886527338628723669e+02
1.888688748577244780e+02
1.890792397606655015e+02
1.904112616914908358e+02
1.903376672898297386e+02
1.903801805561614344e+02
1.899471401511101192e+02
1.907539291449810150e+02
1.905730027482559308e+02
1.898544671002618998e+02
1.892780979847103708e+02
1.908237197102379241e+02
1.904621379326676447e+02
1.898352069844014522e+02
1.941456303885629779e+02
1.924839541350131640e+02
1.936867843284759942e+02
1.937721961414873988e+02
1.936520184538568969e+02
1.926823223233864439e+02
1.911517669049743802e+02
1.896477112852970777e+02
1.894339196708485247e+02
1.892041325741597291e+02
1.901762849622622582e+02
1.914179961952960412e+02
1.931233128249853621e+02
1.935560515790311911e+02
1.983920679045764643e+02
1.984156679073176122e+02
1.983009925613851294e+02
1.970578101763395580e+02
1.885114099783280039e+02
1.894586762978726711e+02
1.885389389308763839e+02
1.881209438711429414e+02
1.889975088104633301e+02
1.910509167447487187e+02
1.921282286321225854e+02
1.918037816704778606e+02
1.901323162127355033e+02
1.908831209214816909e+02
1.935692080159843727e+02
1.945521700285356985e+02
1.966788826765290423e+02
1.950902033321412148e+02
1.948628931694586583e+02
1.944743602585321014e+02
1.904016359699857333e+02
1.927429616159963075e+02
1.946147540135376630e+02
1.941001447895943102e+02
1.946067471987723820e+02
1.957953825235877900e+02
1.962961370778115224e+02
1.973481827750252080e+02
1.988435359145889265e+02
1.972267438420078918e+02
1.974340659558700679e+02
1.972198075568379920e+02
1.981877243542472229e+02
1.978096370106728443e+02
1.976479319184243195e+02
1.962569128929524993e+02
1.937154008852694176e+02
1.947915072283180677e+02
1.969966319225561904e+02
1.978587700902898234e+02
1.968238521278153428e+02
1.977940640122099012e+02
1.999082703751442409e+02
1.995458088566390131e+02
2.009924559566425160e+02
1.995561861219917148e+02
1.991652290597955641e+02
1.985983002390257752e+02
1.955472027646469826e+02
1.965903411673182291e+02
1.975810148359115601e+02
1.957563999429716546e+02
1.955098758573726911e+02
1.939621947155579846e+02
1.937236310413055946e+02
1.950952724711105191e+02
1.945967573507529949e+02
1.941438685200875227e+02
