-2.317325727721866429e+02
-2.499295259134308367e+02
-3.155228564721348334e+02
-3.299690212827562732e+02
-3.516349263681083244e+02
-2.939049761478759137e+02
-2.877509064709154813e+02
-3.158204778504316437e+02
-3.096087825686040560e+02
-3.152976934439781189e+02
-3.277327039601725573e+02
-3.325873006643886356e+02
-3.135918608558646383e+02
-3.111162319062495953e+02
-2.982565646680617419e+02
-3.080644845879369313e+02
-3.053694225402333018e+02
-2.925292411323305259e+02
-2.828010277816836151e+02
-2.938745491458241190e+02
-2.783663909525729423e+02
-2.664611223680175840e+02
-2.667573840812966068e+02
-2.602607253269055150e+02
-2.595060639959337436e+02
-2.609273534382401181e+02
-2.597535180440445970e+02
-2.523858872104894999e+02
-2.524732476455623100e+02
-2.567600324451830147e+02
-2.601256316210801174e+02
-2.652558544228716642e+02
-2.555787040957070246e+02
-2.632070774428399886e+02
-2.664071870788258138e+02
-2.618460946396248232e+02
-2.603097603598266119e+02
-2.592227147523810800e+02
-2.602040849774725757e+02
-2.651119587403953233e+02
-2.676961184895004067e+02
-2.647209744700174952e+02
-2.604831880715510124e+02
-2.618144523393071381e+02
-2.636281564724322379e+02
-2.618631751802254257e+02
-2.618071130210561250e+02
-2.571570087942573650e+02
-2.524991141004351789e+02
-2.481084883928889724e+02
-2.490643235461839993e+02
-2.487783596289432921e+02
-2.439551359831993125e+02
-2.376474715658553407e+02
-2.364564466741373963e+02
-2.344835032014442220e+02
-2.335473780740028644e+02
-2.274688267659552707e+02
-2.225822726388153683e+02
-2.186597862319969749e+02
-2.143074984770884726e+02
-2.132032280755313138e+02
-2.091166894772136970e+02
-2.080665563717396935e+02
-2.046765255349301071e+02
-2.004881652347726231e+02
-1.961907186014401532e+02
-1.925941401145276473e+02
-1.920305716375332850e+02
-1.881333342063115879e+02
-1.878107517571982328e+02
-1.836400152850297331e+02
-1.804329838127617620e+02
-1.759256629192334174e+02
-1.720440095390603688e+02
-1.683886684171688159e+02
-1.648076788993841433e+02
-1.618133802294124450e+02
-1.590145927303246651e+02
-1.556281383114404946e+02
-1.526694935767116306e+02
-1.506764056209904936e+02
-1.472706535910936338e+02
-1.462326657267733765e+02
-1.433389652073799141e+02
-1.429475800611400871e+02
-1.400924844713178175e+02
-1.368932656212639358e+02
-1.347344178332946854e+02
-1.325337940947579796e+02
-1.302792699640548335e+02
-1.276080194811772941e+02
-1.249941662240713640e+02
-1.223386259472373041e+02
-1.205917888943074985e+02
-1.177488835931858802e+02
-1.171286626915421039e+02
-1.148497116377285039e+02
-1.128343598281335431e+02
-1.103756949402899750e+02
-1.068437013811130072e+02
-1.033256715540432396e+02
-9.794157966745972033e+01
-9.326018083288526839e+01
-8.778241034434159928e+01
-8.619985626007212431e+01
-8.303578395376318610e+01
-7.668188482664129424e+01
-7.297930821212638364e+01
-6.794091210962409377e+01
-6.192360651400797877e+01
-5.902472669240464853e+01
-5.736533693100991371e+01
-5.318752899731585160e+01
-5.148685177136096058e+01
-4.573405109241713262e+01
-4.217805582101450312e+01
-4.101517340316243576e+01
-3.802241300156713066e+01
-3.214498393019208322e+01
-3.103718172216379045e+01
-3.052315134271852060e+01
-2.650230554875038180e+01
-2.406445476492219271e+01
-2.527365537476592650e+01
-2.091862092038208232e+01
-1.710891823372671183e+01
-1.480552081676719389e+01
-1.097612651217968072e+01
-6.218861147794534361e+00
-1.258229770309489570e+00
4.245127676827922691e+00
4.693990902436985913e+00
1.104671693066188176e+01
1.621943032793825878e+01
1.831987398574156245e+01
2.210179935457009037e+01
2.576335188058642700e+01
3.020448476613626099e+01
3.630040655242580527e+01
4.130806318240865238e+01
4.440345490437226772e+01
4.681623404805268507e+01
5.174583052596732102e+01
5.664181471616507935e+01
5.931355079903528349e+01
6.370300794947161904e+01
6.572272643478160603e+01
6.749400928490109663e+01
6.937645812086910269e+01
7.392258807432794754e+01
7.738859581117023367e+01
7.833600971193490636e+01
7.918281717166979661e+01
8.206182250334710204e+01
8.492102166840933819e+01
8.855998918025601085e+01
8.857917660013977468e+01
8.924671400097709295e+01
9.071749759223268939e+01
9.188498795382398043e+01
9.444246762762999481e+01
9.575230770966560101e+01
9.824200438841685923e+01
9.951051215500109492e+01
9.991138826325342848e+01
1.006238468650898312e+02
1.018844936254092204e+02
1.035287567273936133e+02
1.041822630650664792e+02
1.070080579002129895e+02
1.068278376928243034e+02
1.074411937491513953e+02
1.073839815554893420e+02
1.075958416490028497e+02
1.081441631516934336e+02
1.085648528387929588e+02
1.085257303367139343e+02
1.086213249027116774e+02
1.089110197923646268e+02
1.094320769403621085e+02
1.106263783484254617e+02
1.105980715435908195e+02
1.127219564714850293e+02
1.135879925620933335e+02
1.161591198452888847e+02
1.136418788948174949e+02
1.124708261304392067e+02
1.132217864558882354e+02
1.143045602276858403e+02
1.125682605731221742e+02
1.133371463318252097e+02
1.131515863281029510e+02
1.130325618082381283e+02
1.140851933074496145e+02
1.126674071506538723e+02
1.142434697358073237e+02
1.146443417246319711e+02
1.152077520810526750e+02
1.152925551050572182e+02
1.158248889917782094e+02
1.166250735135794798e+02
1.170938331713865637e+02
1.177371461648743889e+02
1.166827231074701245e+02
1.167366818810874065e+02
1.174268102193762218e+02
1.179366103442658300e+02
1.179861294527681963e+02
1.171377794160030561e+02
1.171688868083142978e+02
1.197013794249385086e+02
1.203654376975434417e+02
1.206710476063589681e+02
1.215623333807185418e+02
1.218547873030937581e+02
1.224909440942150667e+02
1.236800007740414884e+02
1.226751442639404956e+02
1.229589748428990106e+02
1.230872240230452377e+02
1.228972249280022879e+02
1.225876165429205571e+02
1.227233512688302710e+02
1.277390577197490558e+02
1.280063046152215520e+02
1.278223822872394919e+02
1.276504446616349924e+02
1.275878851240633480e+02
1.281022982954022780e+02
1.284163943834097097e+02
1.287504262376373845e+02
1.285770685019620316e+02
1.285652761656774317e+02
1.283081612184388405e+02
1.271112999164831479e+02
1.266240426759143674e+02
1.276233287197639896e+02
1.272030527781994778e+02
1.265000470301466748e+02
1.265612733138759864e+02
1.258856501393543112e+02
1.270996293350516879e+02
1.271289958346465880e+02
1.256693670512455014e+02
1.249304699967815964e+02
1.247834755708121577e+02
1.241094238037259174e+02
1.244404066418297106e+02
1.240399266855251170e+02
1.239231433382564660e+02
1.243135259992835984e+02
1.248885304669379366e+02
1.240932267979595025e+02
1.247159232617128737e+02
1.244326685980089451e+02
1.238555988633159046e+02
1.241652089827051668e+02
1.246637880163262935e+02
1.245048669230824032e+02
1.243942341143962267e+02
1.249722713970889743e+02
1.246211385932477356e+02
1.252784368430608453e+02
1.251361894770729606e+02
1.252610332027350921e+02
1.249485421693620566e+02
1.248757523834871961e+02
1.265099084617806824e+02
1.249226856954624765e+02
1.228917203075846203e+02
1.233195207424997335e+02
1.236647874069655302e+02
1.220026840712685754e+02
1.224817159801876727e+02
1.224769736821377251e+02
1.199194838929664542e+02
1.196644802014958486e+02
1.205798946407398518e+02
1.208512106850584900e+02
1.207624434332808931e+02
1.196601687669303686e+02
1.198708976980688021e+02
1.197631280023903173e+02
1.199534834878975005e+02
1.200531577371141054e+02
1.230754197811339168e+02
1.228218795474677592e+02
1.234212937165598731e+02
1.219621234918586907e+02
1.243387558397939614e+02
1.226407988265751072e+02
1.235480743092089000e+02
1.240770327140396461e+02
1.227925850556477627e+02
1.242310484678835252e+02
1.241725733366307907e+02
1.240228985052321917e+02
1.256599747761599843e+02
1.253110513043002356e+02
1.250281267838692685e+02
1.243364830113218460e+02
1.249992996855890794e+02
1.246568589056601439e+02
1.259447450701680253e+02
1.263501973747878253e+02
1.267839884531598216e+02
1.264384936582513888e+02
1.262878449521887916e+02
1.273908378140551179e+02
1.276486708918836825e+02
1.274494981541587322e+02
1.267304569503226048e+02
1.267832081183465931e+02
1.282038709998433035e+02
1.284408354806895431e+02
1.258463353319982190e+02
1.233087893360066971e+02
1.241604316903716381e+02
1.256457236697146413e+02
1.262686110356970062e+02
1.246356630344086511e+02
1.257159751202964202e+02
1.271480186385614815e+02
1.272558710630701739e+02
1.255579076041163376e+02
1.255611841861119728e+02
1.267258402605996110e+02
1.273524955686447129e+02
1.274679077970553749e+02
1.273845221767029443e+02
1.272849281497961442e+02
1.278202421917809204e+02
1.267775065051650074e+02
1.258610432770062317e+02
1.289351879592292391e+02
1.274996238868747298e+02
1.265328118949208260e+02
1.254318201101095127e+02
1.264504610394250932e+02
1.268946806698249929e+02
1.275894431077761197e+02
1.274382967748991859e+02
1.266831936567208317e+02
1.282836286163267516e+02
1.298913823757065700e+02
1.308909182857179871e+02
1.315188015032863973e+02
1.309957757725719034e+02
1.324537349424399508e+02
1.334801325410669222e+02
1.336519248525259513e+02
1.335249275498263444e+02
1.342282729334521036e+02
1.337019180916497021e+02
1.329354412901222986e+02
1.334803515534475480e+02
1.335040271421655405e+02
1.335519341527922279e+02
1.335301747052967016e+02
1.338316160227624607e+02
1.336201086143435077e+02
1.341815553818378532e+02
1.352438048493180531e+02
1.357645811216187042e+02
1.357180874390217298e+02
1.371330954954989352e+02
1.370914160396727084e+02
1.368771213963505886e+02
1.386305762276116980e+02
1.410657952784252132e+02
1.426692870648969063e+02
1.410774940700581510e+02
1.424823145578648962e+02
1.421353007602916705e+02
1.420866220179936761e+02
1.431335030838710338e+02
1.455283696810088543e+02
1.452795074770150734e+02
1.453389767920189684e+02
1.454725449620054576e+02
1.479662301658784713e+02
1.494823049694369956e+02
1.507726611931276182e+02
1.514303069325278841e+02
1.515439998082974853e+02
1.527567579729778231e+02
1.554678133868075918e+02
1.547920382059103304e+02
1.558512802686128680e+02
1.557764369329484282e+02
1.582462433372444366e+02
1.578289828835049207e+02
1.574054295558199783e+02
1.598691615844982437e+02
1.600448400127783373e+02
1.604070632217694481e+02
1.605096204849459127e+02
1.600459837801434162e+02
1.617462491665938273e+02
1.614654929682196496e+02
1.620441075042491548e+02
1.626371161552248452e+02
1.628000423181070460e+02
1.641579183115323417e+02
1.647205670147531293e+02
1.640487932890737568e+02
1.640781114995198777e+02
1.659044532301302297e+02
1.644815927122662345e+02
1.641902202004292519e+02
1.655597811510023121e+02
1.673749447019020238e+02
1.669970150448035326e+02
1.653183670643029473e+02
1.654539350582396935e+02
1.677899351434581661e+02
1.708025957719937651e+02
1.702600668955388414e+02
1.703992428491094984e+02
1.692859792789321034e+02
1.710035683182516095e+02
1.700958773832733186e+02
1.701892192724043298e+02
1.712443868212286588e+02
1.715863366909566423e+02
1.721326589870725741e+02
1.677130176617841073e+02
1.668484867876511544e+02
1.677078925211102955e+02
1.687061839645689076e+02
1.649852629419171706e+02
1.648725910633090734e+02
1.660740882532963667e+02
1.672228313427185924e+02
1.670863477258497767e+02
1.692588933035922025e+02
1.705026219001711922e+02
1.734537706872250453e+02
1.733403373975098987e+02
1.733741209200246658e+02
1.725223574038026300e+02
1.693442392647547194e+02
1.710566866186354957e+02
1.710024328962912534e+02
1.718256217597087812e+02
1.721653194730967584e+02
1.732335607525049568e+02
1.746887548345999335e+02
1.749839145272933365e+02
1.756245709166646805e+02
1.765226674492413110e+02
1.776869166742594928e+02
1.777634021588299618e+02
1.791313524964502619e+02
1.811487002352975821e+02
1.796742992428388561e+02
1.786117635218439261e+02
1.795419472992050487e+02
1.806827228379336248e+02
1.795155015746614708e+02
1.781918519615154253e+02
1.768292304785888689e+02
1.766986226493980610e+02
1.776050982602166073e+02
1.784368798337429212e+02
1.748897315492980624e+02
1.726297165450966418e+02
1.737434374260620871e+02
1.748047354064991055e+02
1.747854998544040086e+02
1.745565933105563943e+02
1.759584295860806833e+02
1.770265850882533698e+02
1.765589963416298929e+02
1.766465512154222210e+02
1.767759813161059981e+02
1.769186390755573370e+02
1.782341637801060017e+02
1.786077562368135716e+02
1.796327638280309031e+02
1.769725555935546311e+02
1.765588501355169626e+02
1.755510541774000330e+02
1.754135380434501315e+02
1.751854464958783808e+02
1.749908964148217194e+02
1.734914767205171700e+02
1.735149424143974386e+02
1.751922297286473338e+02
1.765413570346436529e+02
1.765262823929476497e+02
1.764839804270764319e+02
1.766349290031193675e+02
1.766672232911604681e+02
1.769561023898729388e+02
1.779507050220124427e+02
1.795080928524105843e+02
1.797190061862573316e+02
1.795534874067134581e+02
