-4.191445459547214796e+02
-3.906589510344749669e+02
-3.178987489597449212e+02
-3.424034781320088427e+02
-3.223880299604294919e+02
-3.014503594189171736e+02
-3.237285847669439818e+02
-3.112754692334385709e+02
-3.292470793451460054e+02
-3.515220465764263054e+02
-3.252988615156663172e+02
-3.173449123141980976e+02
-2.984959785678333333e+02
-3.206055972840249524e+02
-3.207990564540839955e+02
-3.238197358979978162e+02
-3.122958951927463431e+02
-3.310550876489020879e+02
-3.249721748374348067e+02
-3.095789798479678439e+02
-3.140900336408968201e+02
-3.178451587368241462e+02
-3.170612666027432169e+02
-3.055862555392912441e+02
-3.046539876244622178e+02
-3.115068858070928854e+02
-3.004874650634641853e+02
-2.970457355110312960e+02
-2.990360421833120768e+02
-3.060537342345117509e+02
-3.065599177063490970e+02
-3.203007766040202569e+02
-3.205569086158126311e+02
-3.109056618696494638e+02
-3.043890685050682805e+02
-3.008066054478484830e+02
-2.977133956219017250e+02
-2.948674472376262088e+02
-2.949639897434409477e+02
-2.897993670650236027e+02
-2.814874829421007689e+02
-2.812910479317823729e+02
-2.749315532292541775e+02
-2.751341981261779210e+02
-2.734396730396927069e+02
-2.697241966096754027e+02
-2.618253762014780932e+02
-2.577408902418098933e+02
-2.551500381560748565e+02
-2.500123253131461070e+02
-2.439221584576067698e+02
-2.426021769178758234e+02
-2.404429856802677534e+02
-2.351048394666639467e+02
-2.298096532460667447e+02
-2.242295741274825218e+02
-2.229486695431764645e+02
-2.226950756302915693e+02
-2.204413047534443137e+02
-2.194006240738341376e+02
-2.166413190279277217e+02
-2.115442145760424069e+02
-2.074124922215889057e+02
-2.028476624642983666e+02
-1.988796639562667110e+02
-1.944659319101729409e+02
-1.912748397937687628e+02
-1.884261262401089994e+02
-1.858885609851057836e+02
-1.857225786411383126e+02
-1.851157384707933033e+02
-1.839100512612763509e+02
-1.828327294315261327e+02
-1.796461430893611464e+02
-1.799259763397312781e+02
-1.794356028309348119e+02
-1.762181595044518190e+02
-1.726339773189060907e+02
-1.692223408995807006e+02
-1.683428096357424408e+02
-1.676700006100004714e+02
-1.649495365256078401e+02
-1.661209946614258399e+02
-1.630245863124260381e+02
-1.597610571971787010e+02
-1.572675373966462473e+02
-1.551808277626307699e+02
-1.535473157436644840e+02
-1.529850438724867558e+02
-1.502301687354657247e+02
-1.474875840096757997e+02
-1.477685015661794807e+02
-1.468501059689164947e+02
-1.452680505378465341e+02
-1.446280937226890444e+02
-1.437713409254503460e+02
-1.410248974398163284e+02
-1.402836080633610436e+02
-1.383644057254666393e+02
-1.378252006578121893e+02
-1.339645998572715939e+02
-1.307884465493392270e+02
-1.284348571901206242e+02
-1.246443378460560751e+02
-1.232946300267026913e+02
-1.226746893380072407e+02
-1.167442108602971871e+02
-1.138982177646083187e+02
-1.087814167698689403e+02
-1.021777419763515411e+02
-1.007743387612270425e+02
-9.758456299600976536e+01
-9.569691306941923870e+01
-8.995208770808032739e+01
-8.759865021145951403e+01
-8.267780984841199654e+01
-8.044449946892635239e+01
-7.416061514798791166e+01
-7.264425052160066798e+01
-7.120173291187407472e+01
-6.575933396146976406e+01
-6.075063107979040922e+01
-5.701861548444036032e+01
-5.526576561656129627e+01
-5.137042511485673657e+01
-4.516027643927614577e+01
-4.432323086648499810e+01
-4.330295583729544262e+01
-4.066212784867283148e+01
-3.417322869901278892e+01
-3.057286620930751297e+01
-2.217280178699306958e+01
-1.809395107485158505e+01
-1.738765670972281896e+01
-1.821599031131383839e+01
-1.556929849793524845e+01
-1.204038984339078944e+01
-9.124230604493329011e+00
-7.266420008359119720e+00
-5.208371162328848669e+00
-4.833547497920304359e+00
-7.338530711131545647e-01
6.231076859921192979e-01
4.770301451871424625e+00
5.625704395541386127e+00
8.080460346744224864e+00
8.653270488472672994e+00
1.064525660869923485e+01
1.314371169320565258e+01
1.374708635588682881e+01
1.399158225904118957e+01
1.716603231862901779e+01
1.975475792022617227e+01
2.083771180977334581e+01
2.131912798976985357e+01
2.192533795424137111e+01
2.479365265745595792e+01
2.662542845282493076e+01
2.923971544472943052e+01
3.181309914506086045e+01
3.397202428016861830e+01
3.335284268990463374e+01
3.262415151442302630e+01
3.247970287317245663e+01
3.311889012894068429e+01
3.366195208574128372e+01
3.499169594112559167e+01
3.651101984666220801e+01
3.794096072080805016e+01
4.076521057097556877e+01
4.374684587654142121e+01
4.627505171561325170e+01
4.904742696787990752e+01
5.020744628667166864e+01
5.384685967917196336e+01
5.621229859567036158e+01
5.721760224607115219e+01
5.543994354148926362e+01
5.567969232209948416e+01
5.755269210597258223e+01
6.023256652099867381e+01
6.045162372411858343e+01
6.448020753749584344e+01
6.514332115554611846e+01
6.576359366097226200e+01
6.633999953590320331e+01
6.747792648803677196e+01
6.906480196525262727e+01
7.183702412838729856e+01
7.203609480628949768e+01
7.221798961653796312e+01
7.528586304354644199e+01
7.750277065794925591e+01
7.877261116304532607e+01
8.058862807800100825e+01
8.063381717932726644e+01
8.061128714499722037e+01
8.244319127768811484e+01
8.307490418805002719e+01
8.575321808284695635e+01
8.778231420139626096e+01
8.784954867486561625e+01
8.878272743176185600e+01
9.057588958958480418e+01
9.290350234248262495e+01
9.561855200941603528e+01
9.577285908229863765e+01
9.663235930257796724e+01
9.759993445632743203e+01
9.792553415718728616e+01
9.629053743593712511e+01
9.666940632858415938e+01
9.674883211257355242e+01
9.811470981273177472e+01
1.003673270158293036e+02
1.004320667810905121e+02
1.002955519127548598e+02
1.016020296008831565e+02
1.033798582081345927e+02
1.037795185698191318e+02
1.037498600224412684e+02
1.044978751095842142e+02
1.048710612708006238e+02
1.050445728084082901e+02
1.050796931827401863e+02
1.050327910169343539e+02
1.056326800882704475e+02
1.081760326047889436e+02
1.109822298790181634e+02
1.099545731422586670e+02
1.111181499981894518e+02
1.108020610268414003e+02
1.119426469484647413e+02
1.119980099728477967e+02
1.152815883475526277e+02
1.160741171695660512e+02
1.158685940093255340e+02
1.160544324354572581e+02
1.185537916358114785e+02
1.186232244555234132e+02
1.180926092477222085e+02
1.150716160616995012e+02
1.152093044376067752e+02
1.147450944206383809e+02
1.168310867572651972e+02
1.170941352946352652e+02
1.140886510287178197e+02
1.144191685462869970e+02
1.145523679691581833e+02
1.167441552760839443e+02
1.179094136978018952e+02
1.183740013545016296e+02
1.187537517987776283e+02
1.191226069650017649e+02
1.196282590343869145e+02
1.197735434063799289e+02
1.197307758624053236e+02
1.189346835711079962e+02
1.185201012394317814e+02
1.176603447645126437e+02
1.172792806732126678e+02
1.183773747870147730e+02
1.191417482686234877e+02
1.194047506568236656e+02
1.195821282756933783e+02
1.186780165036003893e+02
1.181888172328905426e+02
1.179006422997917127e+02
1.180792478036131286e+02
1.187077856308110171e+02
1.180702890947577117e+02
1.173288444825040102e+02
1.159766384590989645e+02
1.152419965746498178e+02
1.145001792404321463e+02
1.138176455469533153e+02
1.137654929998236497e+02
1.121695162167057305e+02
1.123772253033598787e+02
1.128689006395243268e+02
1.126397516933977272e+02
1.099700155304389000e+02
1.090015938887375455e+02
1.084087652037826075e+02
1.084674712582291818e+02
1.087658772318982443e+02
1.087912333076096161e+02
1.088912552090418870e+02
1.075663599995643978e+02
1.079940898732990320e+02
1.090846210397169500e+02
1.093562618972287765e+02
1.091490020871340363e+02
1.071762614251382786e+02
1.075137533904574383e+02
1.086626942343580566e+02
1.088273280777183203e+02
1.090691690741553401e+02
1.086904288625545831e+02
1.087540479650951397e+02
1.089041120838170542e+02
1.108514736789308586e+02
1.110714712947092977e+02
1.113126486345098414e+02
1.115157314631805576e+02
1.079030288905174757e+02
1.082346020622072729e+02
1.078575554878536735e+02
1.078999904310612123e+02
1.073449309064969981e+02
1.065431354911376616e+02
1.031601847323801451e+02
1.029819117884408541e+02
1.032757220805759744e+02
1.033083553776283594e+02
1.036325412498379421e+02
1.042029723926784612e+02
1.050110450063416891e+02
1.053152164754120577e+02
1.051558863819693244e+02
1.053884862524977279e+02
1.053317535243472349e+02
1.055858524487369863e+02
1.057440926915707280e+02
1.061677618051452328e+02
1.048652464657916994e+02
1.051255731752162887e+02
1.047217173374246215e+02
1.037444783786724258e+02
1.022930205286964878e+02
1.021238774952182382e+02
1.035256142780019530e+02
1.042132146768973087e+02
1.060243727511292917e+02
1.056663363944789893e+02
1.058684368813326699e+02
1.057892520987126801e+02
1.058895280608126086e+02
1.067113325852282486e+02
1.067198190123115467e+02
1.081457178813705582e+02
1.111298143299810874e+02
1.115463415704235786e+02
1.121507974944736787e+02
1.128521164814730469e+02
1.131671786653213303e+02
1.163022419416493847e+02
1.162841765393380200e+02
1.166754667829504371e+02
1.156706654099889278e+02
1.155500686355041040e+02
1.155459705536343620e+02
1.155771083704713220e+02
1.153514185704307096e+02
1.153152899398302793e+02
1.163757252306288734e+02
1.178557880771438420e+02
1.204935745449916027e+02
1.198090109663142329e+02
1.193395645752635090e+02
1.176266818351789993e+02
1.176375422714724124e+02
1.189058730770904759e+02
1.194621894083005031e+02
1.197605450779191614e+02
1.220092296611177716e+02
1.217836797696092930e+02
1.195594564989536934e+02
1.193190078731390855e+02
1.202105128976732402e+02
1.221499212815479609e+02
1.229088185309302617e+02
1.226006060295147222e+02
1.228115926448722490e+02
1.232353685673052865e+02
1.231441732991094682e+02
1.242022186107069501e+02
1.279260889356651063e+02
1.291691040480610582e+02
1.306286237122499472e+02
1.284176311255235987e+02
1.329284351723879070e+02
1.335272768404519752e+02
1.340236067935031201e+02
1.338873471472379606e+02
1.347841018902980750e+02
1.343742796445103806e+02
1.331041090526740618e+02
1.342405102219241826e+02
1.344076818115740366e+02
1.341576745564921396e+02
1.316469801549221756e+02
1.331447333417034713e+02
1.365827743642309997e+02
1.369507260455700646e+02
1.378419265268618688e+02
1.384746530719509110e+02
1.388692091459447511e+02
1.409414631994464742e+02
1.409810009957599277e+02
1.417258707229681818e+02
1.408669198788099663e+02
1.410633657875599738e+02
1.418054614254320995e+02
1.417268332214088105e+02
1.449246874695651570e+02
1.443047741712688605e+02
1.461118168623339670e+02
1.459712157037596114e+02
1.472090436756765541e+02
1.505139730138360221e+02
1.540636852570267479e+02
1.559680520027912962e+02
1.559479533087554159e+02
1.573355143639571168e+02
1.584050430293765146e+02
1.598001452126808317e+02
1.597530129806792729e+02
1.608755798044882113e+02
1.605618634179573974e+02
1.602641452010769854e+02
1.601236728396656588e+02
1.615106199995452982e+02
1.608791255107442737e+02
1.596383273512246603e+02
1.624284971443988184e+02
1.623036102578405746e+02
1.624842385040056740e+02
1.629741362680283316e+02
1.668699597388605866e+02
1.681666052714986392e+02
1.689146428875776849e+02
1.690538384106270371e+02
1.691912896841986651e+02
1.661107582941975807e+02
1.651987765474787864e+02
1.650688936080877056e+02
1.654531399935557374e+02
1.643951354263538747e+02
1.647876626037384256e+02
1.633690353188132747e+02
1.648395294499555916e+02
1.634114119141748063e+02
1.630221373401957408e+02
1.639141042596247928e+02
1.630869306221454451e+02
1.632915766740239008e+02
1.614002847070620135e+02
1.616758100809542213e+02
1.625471186981162646e+02
1.632587723160515054e+02
1.631631221386171546e+02
1.626454991095404807e+02
1.627376196547164113e+02
1.636897815306896575e+02
1.637719772315215891e+02
1.635393950646130747e+02
1.647617608641031666e+02
1.660025771190096862e+02
1.686611150115063822e+02
1.716447733283798982e+02
1.717594665602632915e+02
1.716029064678279212e+02
1.725716849349470010e+02
1.736430348422678378e+02
1.722418386452723382e+02
1.743066516682621625e+02
1.762278947642922446e+02
1.766961327679518092e+02
1.768055173010377530e+02
1.769593229961128316e+02
1.763111571254630690e+02
1.788599618108936511e+02
1.785271322533359069e+02
1.797494167094374973e+02
1.821249945388745743e+02
1.809945896079750298e+02
1.821193268324458074e+02
1.818916337624541200e+02
1.815801751327391287e+02
1.853869969214680111e+02
1.831368391661914927e+02
1.849100800143992842e+02
1.837121873243156358e+02
1.838378758107002682e+02
1.822794294053650788e+02
1.839688100859235078e+02
1.849428520383000034e+02
1.862812842089983292e+02
1.860561591255310816e+02
1.865993436648945760e+02
1.900867960753684258e+02
1.885690551414232345e+02
1.883845155569588030e+02
1.878909310833157349e+02
1.866951674147103120e+02
1.876472030955553123e+02
1.872181537024063402e+02
1.873321848419232367e+02
1.873256303406520260e+02
