-6.537996911592151150e+01
-1.885691928071297525e+02
-2.615636879625012625e+02
-2.942047416365468280e+02
-2.828210982751224947e+02
-3.075649029702395296e+02
-2.994853983804173367e+02
-2.990854595919602161e+02
-2.855347969576822607e+02
-2.863825756277194046e+02
-3.090033103534645420e+02
-2.950191596350703094e+02
-2.978170762618543108e+02
-2.900349155901521385e+02
-2.863769447488793958e+02
-2.774791964132151634e+02
-2.651168833054532001e+02
-2.560936072158615957e+02
-2.573072452927094673e+02
-2.743602018935490605e+02
-2.851677728548401092e+02
-2.797732911442861337e+02
-2.845157846445214318e+02
-2.839329993553544682e+02
-2.828059178725018228e+02
-2.736060670405863675e+02
-2.645257318887556153e+02
-2.656688458929674539e+02
-2.659922733674383721e+02
-2.692996568200704246e+02
-2.734918782251549487e+02
-2.743368401541958974e+02
-2.806884410965619736e+02
-2.742022873628789625e+02
-2.742303093923123356e+02
-2.735210713985431994e+02
-2.724883285937605706e+02
-2.738766699015891390e+02
-2.693661869395922963e+02
-2.743021233257697986e+02
-2.671018171547611360e+02
-2.711209600462495359e+02
-2.653773684923698966e+02
-2.680016866746829010e+02
-2.625257474554463784e+02
-2.660101302063596336e+02
-2.655069759883890015e+02
-2.607615194392579383e+02
-2.579713446753686981e+02
-2.552514344346245707e+02
-2.595545266896286307e+02
-2.571972938751605966e+02
-2.580036120793083114e+02
-2.539489780539496167e+02
-2.517914802409797801e+02
-2.451282002085012266e+02
-2.393277742827366694e+02
-2.348163591282177833e+02
-2.357607862004102799e+02
-2.320337164882231207e+02
-2.270797624937277419e+02
-2.250818626064155694e+02
-2.192174643932472407e+02
-2.139509817324559435e+02
-2.107889484106048883e+02
-2.093953048025741737e+02
-2.062832800300708698e+02
-2.033464093164971587e+02
-1.986948296453682872e+02
-1.975460711321560154e+02
-1.966044259066281654e+02
-1.956220255219384114e+02
-1.914469125125245341e+02
-1.878760082322009453e+02
-1.870923560154849383e+02
-1.855386152894848522e+02
-1.815709274401365008e+02
-1.792714422460036019e+02
-1.765762618747787371e+02
-1.738927407165745933e+02
-1.734563758534177680e+02
-1.707060551032844558e+02
-1.687346153600612979e+02
-1.675361045441350711e+02
-1.662187373947833748e+02
-1.657563974014298651e+02
-1.641296901556925434e+02
-1.623439405538584026e+02
-1.595382708848800917e+02
-1.589889282559340700e+02
-1.563140004015094746e+02
-1.549111616364505721e+02
-1.542881258710175700e+02
-1.531900445356032492e+02
-1.527686636072035924e+02
-1.500320423130902725e+02
-1.474484580377916245e+02
-1.457610096852107517e+02
-1.438540280265141860e+02
-1.406656269245572446e+02
-1.392836374224314113e+02
-1.344521866720828029e+02
-1.289363880245631719e+02
-1.239806822284757857e+02
-1.202813621977213074e+02
-1.159806188864486529e+02
-1.125158541657004747e+02
-1.085444357454102260e+02
-1.054048740795259391e+02
-1.015541305104738825e+02
-9.484593212621489045e+01
-9.245526112957576004e+01
-8.763807650676119465e+01
-8.671193753931916604e+01
-8.375158380102980971e+01
-8.074897722185630755e+01
-7.915348930464125488e+01
-7.817564715773657724e+01
-7.391092956898567934e+01
-6.624568886583818994e+01
-5.940819368481434282e+01
-5.879779781992503729e+01
-5.375877593835430446e+01
-4.982791844665783287e+01
-4.543522711712031992e+01
-4.371956344258013161e+01
-4.315267770212202691e+01
-3.836820883128771698e+01
-3.431890796770487384e+01
-3.028466748618229687e+01
-2.572988503574152119e+01
-2.219639571043826365e+01
-1.549620034037812566e+01
-1.379663432250565869e+01
-1.051204266584813496e+01
-7.176767884242726936e+00
-3.110297614258910937e+00
8.995561147069611740e-01
3.234355362010901569e+00
9.251238567902538179e+00
9.350660373302533301e+00
1.511967693798717782e+01
1.627221485301825865e+01
2.094655148979407500e+01
2.248467973817695409e+01
2.762760420613664891e+01
3.056087701886342600e+01
3.182825995547525011e+01
3.482891020104572988e+01
3.706138419152878072e+01
4.283130247939665480e+01
4.536566828493064207e+01
5.019021933109811329e+01
5.201062312322746095e+01
5.434807437422998078e+01
5.488641493454103681e+01
5.523724940802290462e+01
5.669004956049953137e+01
6.041098358676050140e+01
6.137564919850214551e+01
6.272750006141554024e+01
6.518063216676709715e+01
6.472417115153777445e+01
6.448653885633119387e+01
6.605564554738298000e+01
6.882310125227616027e+01
7.026629573580022736e+01
7.199373508032995517e+01
7.224785748574261390e+01
7.479652395416957233e+01
7.761420091148725930e+01
8.054164867569519970e+01
8.121077553566193785e+01
7.870115464176350883e+01
8.161563590324105633e+01
8.418479264260172101e+01
8.479751298750242938e+01
8.611240992053107846e+01
8.712964029176443148e+01
8.829377184294067149e+01
9.104930968693129500e+01
9.152750764494156499e+01
9.313870907623901019e+01
9.503957824902119000e+01
9.712878289940222487e+01
9.749914900106713844e+01
9.944525339342330028e+01
1.010724145511599090e+02
9.997034076728044738e+01
1.027015593415630548e+02
1.033075217489361393e+02
1.049714148387678136e+02
1.070788117236129438e+02
1.093752130849419331e+02
1.122326807257882137e+02
1.127332747027156614e+02
1.135632502291007597e+02
1.147809543009570064e+02
1.146991841641341097e+02
1.147386127923759034e+02
1.144456520017029817e+02
1.139986666367708636e+02
1.145380587834828958e+02
1.150898115209286630e+02
1.137335734038134092e+02
1.154272291450845529e+02
1.146246674226368469e+02
1.148527580199463074e+02
1.149760044155909640e+02
1.155465233837844181e+02
1.154066895278280356e+02
1.161209482593283013e+02
1.164766337394935789e+02
1.192215070626816811e+02
1.201794849867148542e+02
1.190601369411828045e+02
1.190654281000314398e+02
1.204666012350647009e+02
1.202985155511937592e+02
1.198916916029369162e+02
1.183336482909267744e+02
1.210924663063922679e+02
1.195501999849605994e+02
1.198136248490046398e+02
1.197285579600200265e+02
1.188231566671469750e+02
1.192551619147188120e+02
1.182433778466794081e+02
1.187016662999777878e+02
1.193922901409290489e+02
1.203778507360496377e+02
1.210000161156724801e+02
1.205467648921359256e+02
1.210122583903604010e+02
1.212676594611549206e+02
1.222479857325728290e+02
1.209834660090519520e+02
1.221093922880385492e+02
1.223353556436821776e+02
1.227565194672514508e+02
1.234669126779805879e+02
1.233934994656740969e+02
1.245384822347584475e+02
1.221928545894844262e+02
1.226464670174881348e+02
1.234836797233586054e+02
1.250511109782313923e+02
1.256741513588654442e+02
1.253845811673892570e+02
1.259486950941186620e+02
1.261996074392546490e+02
1.260772535194014523e+02
1.259520444454027199e+02
1.258141771625660112e+02
1.263439210096206438e+02
1.252120788416896602e+02
1.248921818788450366e+02
1.248204021188424662e+02
1.260806018212076935e+02
1.263731637381403914e+02
1.255157719232906288e+02
1.243077777687121284e+02
1.254240985883542976e+02
1.252167571052898154e+02
1.253462506751826169e+02
1.250351116603612951e+02
1.246614388917285368e+02
1.236115085031098744e+02
1.232901529250003421e+02
1.227675689455499395e+02
1.229210250076515081e+02
1.225764374282291698e+02
1.217185379390679856e+02
1.252247217072378049e+02
1.249568138030685276e+02
1.241315963190939158e+02
1.233172552279857399e+02
1.231647296730100720e+02
1.234311976722717787e+02
1.229909331376254187e+02
1.244724767363102700e+02
1.246459680877691909e+02
1.237264333320292451e+02
1.239385057185945698e+02
1.228663498536798926e+02
1.251723158106254061e+02
1.249694078009999316e+02
1.252255668107066953e+02
1.268858607994534822e+02
1.264812057766323221e+02
1.264300238911826426e+02
1.267467583013291232e+02
1.270030861754702300e+02
1.268262273155666549e+02
1.260762434629376543e+02
1.259002191664231987e+02
1.257508282275927911e+02
1.254595763142854707e+02
1.253092853417799120e+02
1.261997115081918110e+02
1.280131620270651069e+02
1.284202892632141868e+02
1.275854474319829990e+02
1.281085642275914722e+02
1.291861459920114044e+02
1.286082511056034718e+02
1.304453348060365272e+02
1.305396137953866003e+02
1.303356269884290555e+02
1.289561892442967235e+02
1.280527072736865080e+02
1.280498360071313186e+02
1.276675230365132450e+02
1.259890739907596071e+02
1.263458553070315276e+02
1.274696568554653453e+02
1.279036004918501988e+02
1.280838065085616222e+02
1.282259724389690234e+02
1.288025579732809547e+02
1.297237926524770728e+02
1.300651095950692877e+02
1.320577794484150331e+02
1.322248079297983452e+02
1.333845637913557027e+02
1.333420596613598264e+02
1.346509948742539677e+02
1.355121459793793406e+02
1.354178996468609739e+02
1.358142894798153861e+02
1.370717914795321235e+02
1.371374983094031847e+02
1.342285000184690489e+02
1.346386100109571657e+02
1.351264568531651662e+02
1.347899841372614276e+02
1.357623119259953057e+02
1.356188306363679033e+02
1.351379635054288428e+02
1.344955138731101840e+02
1.350685928594176346e+02
1.349750743072663397e+02
1.355859083337463744e+02
1.387823951704041576e+02
1.384194631178110626e+02
1.380595566788153405e+02
1.384169449076311764e+02
1.380078050339981246e+02
1.378058070718368526e+02
1.376732973883409272e+02
1.391326487854029210e+02
1.399719901410583134e+02
1.393837927447983702e+02
1.397434940017342058e+02
1.401482349901943678e+02
1.415587430231553583e+02
1.418676343580681873e+02
1.427653692124335691e+02
1.433415651376087396e+02
1.439893277437334689e+02
1.437320452982176562e+02
1.449994297772947789e+02
1.440888408420305495e+02
1.444556158133291035e+02
1.439906027075992654e+02
1.440744895519324018e+02
1.447271937287822823e+02
1.456948336729809341e+02
1.463178997700559023e+02
1.467521295271865256e+02
1.465847014477357106e+02
1.467682470919776563e+02
1.485877984815224693e+02
1.495080543627154270e+02
1.505877274912231201e+02
1.508169814719371686e+02
1.508240185948598935e+02
1.521535831748999783e+02
1.534954653158410167e+02
1.534482174304075954e+02
1.518456849580081212e+02
1.517053974790982238e+02
1.503112283964069036e+02
1.492208226169746865e+02
1.502466257271557026e+02
1.514227051023055139e+02
1.524410890897970887e+02
1.508942706482570486e+02
1.514481565951636526e+02
1.513967993591659251e+02
1.512444266934636516e+02
1.484491355801411601e+02
1.490844174476804369e+02
1.488038868155304897e+02
1.487214256220274251e+02
1.483296096001348019e+02
1.483906300641060341e+02
1.486226871189832650e+02
1.511722869517043648e+02
1.475202645177703005e+02
1.465298110126843767e+02
1.473969102970438598e+02
1.479102525025172952e+02
1.473683967163482009e+02
1.476011462548661655e+02
1.481065965080457829e+02
1.489947240710730227e+02
1.498758192500862094e+02
1.513794897373482513e+02
1.523521710235456226e+02
1.530427364317553156e+02
1.541152455746643852e+02
1.537740729673348028e+02
1.550016170143182990e+02
1.525637086926431891e+02
1.501722454498116122e+02
1.494075374324421261e+02
1.504077606286522837e+02
1.481014309229915966e+02
1.475490394272176786e+02
1.463203970138531247e+02
1.437135395765993451e+02
1.435194876973237399e+02
1.427635448637952038e+02
1.408849612530852085e+02
1.413995850810241848e+02
1.420700891273612001e+02
1.428234636267553697e+02
1.427347332152104116e+02
1.440113689265480446e+02
1.439348715024778471e+02
1.439046092242775501e+02
1.483503912045863729e+02
1.478987127443786278e+02
1.477469205285187286e+02
1.484668106791419007e+02
1.487700430481654621e+02
1.480858951669610803e+02
1.484496025056559461e+02
1.501983505343815182e+02
1.496896318999038158e+02
1.505793409765076944e+02
1.506978663778326677e+02
1.504312102605505572e+02
1.504253040921398963e+02
1.519090318862290303e+02
1.520223060778708941e+02
1.536665022331061436e+02
1.549735980955687751e+02
1.544684546512166605e+02
1.547637082241278961e+02
1.542924173308041418e+02
1.552111961619585259e+02
1.526260390535647957e+02
1.532330960835666644e+02
1.539788822721841939e+02
1.552644535735913962e+02
1.552417991383497622e+02
1.553537516290655844e+02
1.550367483909016357e+02
1.541859327883275625e+02
1.553218799182525061e+02
1.567814659340137666e+02
1.559977671894685329e+02
1.578031164261495292e+02
1.591384961976818886e+02
1.600153433818766757e+02
1.613368015259202082e+02
1.613330095493486454e+02
1.624362024661395765e+02
1.633124376473962229e+02
1.632723301640278351e+02
1.635241085061464617e+02
1.624969612336139164e+02
1.612421493559888006e+02
1.581747700924654794e+02
1.580844710088973386e+02
1.584954202262487399e+02
1.580003989267279678e+02
1.576331114818586911e+02
1.583615763483183798e+02
1.584613299422622958e+02
1.620794009689378754e+02
1.644622174564299826e+02
1.655268531511888739e+02
1.657699673784867969e+02
1.658160405052301485e+02
1.684419993613090583e+02
1.685611015672116366e+02
1.689718933171739934e+02
1.704226759555221236e+02
1.743980637547932702e+02
1.731335607131758536e+02
1.742730804247902654e+02
1.764147505247314882e+02
1.782290899715725629e+02
1.774140693495110952e+02
1.790850408231054871e+02
1.792108784263304244e+02
1.811353338394858383e+02
