-3.447221947330943976e+02
-2.607189422312796978e+02
-2.931222306125825412e+02
-2.145086427881261102e+02
-2.602101315867932954e+02
-2.496436281302584064e+02
-2.814306947754442376e+02
-2.923565096930633445e+02
-2.868887010185219424e+02
-2.893296818907811598e+02
-2.788498153556981833e+02
-2.855222059797301313e+02
-2.969584423002769995e+02
-2.835005032271183154e+02
-2.690623368157147297e+02
-2.729009491535882148e+02
-2.869491201116592833e+02
-2.842127286933933306e+02
-2.778386487941505152e+02
-2.802788554950543585e+02
-2.735624964014565990e+02
-2.750235800182886692e+02
-2.658709222282348605e+02
-2.576449632320544083e+02
-2.519188144597682992e+02
-2.509909733209051410e+02
-2.529999762829446297e+02
-2.452743552279148105e+02
-2.529895669692009221e+02
-2.558030894559335024e+02
-2.572034832966294289e+02
-2.588064336155269416e+02
-2.546132240039159171e+02
-2.622095993594894594e+02
-2.620070691939025096e+02
-2.647782136387388618e+02
-2.688226661058577633e+02
-2.644831156182422092e+02
-2.654896892495931979e+02
-2.638394139240838854e+02
-2.624712874059873116e+02
-2.608565490087765966e+02
-2.633977035704535865e+02
-2.585635352563071478e+02
-2.592569482234417251e+02
-2.559533025073162378e+02
-2.519579415327918070e+02
-2.523027126933872921e+02
-2.534839411160729412e+02
-2.540254757899806179e+02
-2.556794223128982821e+02
-2.518476522484323539e+02
-2.480571603213146545e+02
-2.413769000721356974e+02
-2.374927949198644512e+02
-2.356987779383714496e+02
-2.335338837744710929e+02
-2.297491300178009510e+02
-2.298701595741308381e+02
-2.258290549880280764e+02
-2.236205303190704115e+02
-2.188724399937717635e+02
-2.146367966340088458e+02
-2.090236229311931027e+02
-2.083677941047166939e+02
-2.050700927085203205e+02
-2.037168417075803859e+02
-2.015007265082211632e+02
-1.983822058788022389e+02
-1.957977377362942661e+02
-1.920074335655219215e+02
-1.870704482749575561e+02
-1.833341646240959619e+02
-1.802629304107937287e+02
-1.774206379194206136e+02
-1.745974692515644335e+02
-1.729309044961857751e+02
-1.721867290589567574e+02
-1.712455375454055684e+02
-1.697201791257789978e+02
-1.664637280357752900e+02
-1.635950873942949784e+02
-1.634545371251587085e+02
-1.611516341390338027e+02
-1.600706150590173991e+02
-1.573891793472517691e+02
-1.549835576432023743e+02
-1.529537334235507160e+02
-1.499957210616864245e+02
-1.471851328535094865e+02
-1.447837226409057223e+02
-1.433514700840126750e+02
-1.414397405741255227e+02
-1.407538287991141317e+02
-1.387860129538485126e+02
-1.359572433627011208e+02
-1.334657490690402994e+02
-1.333879802643312473e+02
-1.330294219658224790e+02
-1.310877495969718609e+02
-1.265893460420942347e+02
-1.250963084774419229e+02
-1.197764251215556897e+02
-1.186171795435869711e+02
-1.146139849822969694e+02
-1.119996185160948698e+02
-1.080067674788857346e+02
-1.032909963516856777e+02
-1.000607206494514543e+02
-9.628140732830279092e+01
-9.464282459334265241e+01
-9.218740184061294940e+01
-8.717800662824335234e+01
-8.546835197242316440e+01
-8.454616315460648934e+01
-8.298078700043504341e+01
-7.751076789921246757e+01
-7.437667241389490869e+01
-7.229130681397988667e+01
-6.823557957168864618e+01
-6.565368217256487071e+01
-6.244716483038997268e+01
-6.335506301229555248e+01
-6.340926290670321919e+01
-6.153358071863280543e+01
-5.836476350063759355e+01
-5.693994283921924193e+01
-5.535888694606706650e+01
-5.061225382371643633e+01
-4.810493854729153895e+01
-4.437602100794754989e+01
-4.049379399832531590e+01
-3.813201380626081516e+01
-3.188941954353985153e+01
-2.819610687241140567e+01
-2.329929164588118340e+01
-1.938467869707691449e+01
-1.765558709412740157e+01
-1.596569028271511570e+01
-1.270200455330466482e+01
-9.525153955823292051e+00
-7.081937580583614888e+00
-1.966987278538669504e+00
-3.165742916532569562e-01
3.201638227810498893e+00
3.135231066957976154e+00
4.809623738857736974e+00
9.207455066642733499e+00
1.346488840003922149e+01
1.788966928748939367e+01
2.203095480698393516e+01
2.374095121027142241e+01
2.491545163813513142e+01
2.507452488481945352e+01
2.665178941708437677e+01
2.786624719210416856e+01
3.017190647650408053e+01
3.153288644172684485e+01
3.513172211937454392e+01
3.682255280056062219e+01
3.694726204121269575e+01
3.741882491668471289e+01
3.815355174123400417e+01
3.812023675901154718e+01
4.098795102911775956e+01
4.241381478355484091e+01
4.476925710871117303e+01
4.692154318165867721e+01
4.799524849845143848e+01
4.985983059626519776e+01
4.771882242243414396e+01
4.735858601922212330e+01
4.748347390545287539e+01
4.901444189847592270e+01
4.960941725332223484e+01
5.041219154396864610e+01
5.206063301848268310e+01
5.488291535803618615e+01
5.645876068992038199e+01
5.864208005156143599e+01
5.946256795542829110e+01
6.012717934454145308e+01
6.322753661490195753e+01
6.459155344066704174e+01
6.744031053828538802e+01
6.788369061250449477e+01
6.892744835691669891e+01
7.038341925599841886e+01
7.098135433357168722e+01
7.145014277339332409e+01
7.148691543265617554e+01
7.266253614572632102e+01
7.381949324439700888e+01
7.494834338097903981e+01
7.598067394620763082e+01
7.608602453802136267e+01
7.674095819912906791e+01
7.985659330171846193e+01
8.202541809375736648e+01
8.289438408026924776e+01
8.317218470288047172e+01
8.490718910030865629e+01
8.512457269917396729e+01
8.351218247370498204e+01
8.548157676237401859e+01
8.628066499438703829e+01
8.806285819540912030e+01
8.835687850399710896e+01
8.883387056200999154e+01
8.944073828460946629e+01
9.109417906693546740e+01
9.375428576992679552e+01
9.439407002297191696e+01
9.537978760207025175e+01
9.633190611909509471e+01
9.919503699155070819e+01
1.004642373531974613e+02
1.007330677178712222e+02
1.016452170605457610e+02
1.020818978551221647e+02
1.021930291393386909e+02
1.040832560065002355e+02
1.070129713420722908e+02
1.092338695371045816e+02
1.095790423415993047e+02
1.100854062920026877e+02
1.127659863278983323e+02
1.130675513637982306e+02
1.142123133011179590e+02
1.161343143206170083e+02
1.166017480228765777e+02
1.174574407339623008e+02
1.175238754727521098e+02
1.176868615272347540e+02
1.173579766891953824e+02
1.174774309781466997e+02
1.181740443923909680e+02
1.187346988649940727e+02
1.213075450099063772e+02
1.197193031315875800e+02
1.200118858450461090e+02
1.206822777266594500e+02
1.206385469577952989e+02
1.213737175390330947e+02
1.220677880076779189e+02
1.248286049580636075e+02
1.248611986488546677e+02
1.231307915860599280e+02
1.234120900439609585e+02
1.233217469026331514e+02
1.234997141530041205e+02
1.243485936916425061e+02
1.245752396831358197e+02
1.245329211967095944e+02
1.246248444987710116e+02
1.263237383803104024e+02
1.266266051318584829e+02
1.270218447482528177e+02
1.261712524019665551e+02
1.253893707701570861e+02
1.273520403535802075e+02
1.273634497879896799e+02
1.270532237803774649e+02
1.275357862247768992e+02
1.280970686612368752e+02
1.276888344964974209e+02
1.275378544644594143e+02
1.270495576669830058e+02
1.277044561255293615e+02
1.259028018324515017e+02
1.281979631548596217e+02
1.283503115115592550e+02
1.289247312684844360e+02
1.281098794046485239e+02
1.286802361787989639e+02
1.289399597940765148e+02
1.296333250469352549e+02
1.305114920150718660e+02
1.311960582075696209e+02
1.304062605590368662e+02
1.272893696274292097e+02
1.254070955268933005e+02
1.254321993790845227e+02
1.253102600172420580e+02
1.247064553103040083e+02
1.247486180918549366e+02
1.249913417529885749e+02
1.241820660252324728e+02
1.241777206540523935e+02
1.243912596482480097e+02
1.263663035468216975e+02
1.250138911805826325e+02
1.261370775592439344e+02
1.270583610678445581e+02
1.267713470438587251e+02
1.265012543497064144e+02
1.265989857398913756e+02
1.249852587602284473e+02
1.239512235711422363e+02
1.242244957612822134e+02
1.247850072420572474e+02
1.236955609831622809e+02
1.232852785639420148e+02
1.252231121924000803e+02
1.245002748421273679e+02
1.243840875182109045e+02
1.244666705500898018e+02
1.247976504854318733e+02
1.254263364304329542e+02
1.254860480926780042e+02
1.254506441121826157e+02
1.243489322053770110e+02
1.241159433699019417e+02
1.252800669136610736e+02
1.253385203572753994e+02
1.251682314203028170e+02
1.253179045318515108e+02
1.254024996819128717e+02
1.256362029048625146e+02
1.258063564010572009e+02
1.263157898558421550e+02
1.258807401257548406e+02
1.258774036155164708e+02
1.257900667413434945e+02
1.259791640570516762e+02
1.257677038849522262e+02
1.254713431724662343e+02
1.245344154603475744e+02
1.246167995812412101e+02
1.246396472394592223e+02
1.249041321780578215e+02
1.258418321462225009e+02
1.260010905197040501e+02
1.260302405398572887e+02
1.265968651574344790e+02
1.267632396689051291e+02
1.272113869582262708e+02
1.278468678589216125e+02
1.261766069679502777e+02
1.276291039174242599e+02
1.270272645176060564e+02
1.284698156415280152e+02
1.246455543240337818e+02
1.239327245318894910e+02
1.237531365174807547e+02
1.226786303396913667e+02
1.205569377025758939e+02
1.220217391126464861e+02
1.206579274831780850e+02
1.207596225934639307e+02
1.209587729314479105e+02
1.182869828324130026e+02
1.200627588398221803e+02
1.200434105238578866e+02
1.201064405065738754e+02
1.201892644450950485e+02
1.198341326875645620e+02
1.199063894737138298e+02
1.209355613693705038e+02
1.216002284288047690e+02
1.216651875811475065e+02
1.218625102806854130e+02
1.224345600965304754e+02
1.216617579739113211e+02
1.208582392098698932e+02
1.212484454859393566e+02
1.219193772408381164e+02
1.221449007242184734e+02
1.227017373652174825e+02
1.252141795191170957e+02
1.272965781457346139e+02
1.260840290649533415e+02
1.255592395424360745e+02
1.261380892625959262e+02
1.258360656893173228e+02
1.253388797149593188e+02
1.245251094109848111e+02
1.230016298024774244e+02
1.229702981026982513e+02
1.227796444619806948e+02
1.257576138132895949e+02
1.254713702101230410e+02
1.261898777608574278e+02
1.260343769011727062e+02
1.269076949993807801e+02
1.268299365448525720e+02
1.268522344507415482e+02
1.259518587622489036e+02
1.250910471072420620e+02
1.249597275809883996e+02
1.237433457706445523e+02
1.267746908594351396e+02
1.267339747863340591e+02
1.269948244658564676e+02
1.283176510857972232e+02
1.296361188506625979e+02
1.288874063451987411e+02
1.314533236671208272e+02
1.339595448055914630e+02
1.338907640610645160e+02
1.320770472503183441e+02
1.330402460830946723e+02
1.330850968405559627e+02
1.334613416035813884e+02
1.339695245131474906e+02
1.337242076823668242e+02
1.339102063775020781e+02
1.332495285193597852e+02
1.318191537983742592e+02
1.331743433531191272e+02
1.344060006233035267e+02
1.346031852439510601e+02
1.349302072297345205e+02
1.334344684800130381e+02
1.331712136322726963e+02
1.347357733274326108e+02
1.350500352347492026e+02
1.354866293124849790e+02
1.363634350182677508e+02
1.378514373708698315e+02
1.385964904624986218e+02
1.394519975622558263e+02
1.389056851892165980e+02
1.390505342860548410e+02
1.395440368985897521e+02
1.398624808344470125e+02
1.408876744848258511e+02
1.404070704752594168e+02
1.405167290896881696e+02
1.418191871931713592e+02
1.422063515984840194e+02
1.411305865723458055e+02
1.423363113868685446e+02
1.423974627655651091e+02
1.426966443607010433e+02
1.420068024585733895e+02
1.425848595183713030e+02
1.431423622655453300e+02
1.437530099070031895e+02
1.440704006203109486e+02
1.447636910755583699e+02
1.446827126203060914e+02
1.490473866950489423e+02
1.506155659274362506e+02
1.506817941829140182e+02
1.529022087773235512e+02
1.549511238542750959e+02
1.564964333246258263e+02
1.574995489357247322e+02
1.556078204293515626e+02
1.574545784847094865e+02
1.591752285582822424e+02
1.582720483605724837e+02
1.577107769215588178e+02
1.573661985969820023e+02
1.581803096125504737e+02
1.596664536577869740e+02
1.565452433078335446e+02
1.565808587082417489e+02
1.556857046389303889e+02
1.557995536718483436e+02
1.543885435270169921e+02
1.558465403302621155e+02
1.562100309926426576e+02
1.580940997840285434e+02
1.567981148913534071e+02
1.568461715837072461e+02
1.563435616592449264e+02
1.553510996029072260e+02
1.556475879479958451e+02
1.543350760918893059e+02
1.550188386069725937e+02
1.556334893825566041e+02
1.566208858894589753e+02
1.530163944996980661e+02
1.546096500394661177e+02
1.552309280775799607e+02
1.568924539337737087e+02
1.579776670071229034e+02
1.589364458942453098e+02
1.601114206383293208e+02
1.622411244311948053e+02
1.610060186454627740e+02
1.582419539797525943e+02
1.581662145838202207e+02
1.595801208303115573e+02
1.592652836976600099e+02
1.615286706612891123e+02
1.635892731700115519e+02
1.648782929442291163e+02
1.660943230219879752e+02
1.658776111453985038e+02
1.663257570565944548e+02
1.673530709976426465e+02
1.675767329049690204e+02
1.673051681912127719e+02
1.672353695747920881e+02
1.670701506310081186e+02
1.671354024512292256e+02
1.677809237876630277e+02
