-2.317325727721866429e+02
-2.681264790546750305e+02
-4.467095175895427701e+02
-3.733075157146206493e+02
-4.382985467095165859e+02
-5.255225046713761117e+00
-2.508264884091529439e+02
-5.123074775070449505e+02
-2.599152203139831840e+02
-3.664978913223446284e+02
-4.520828091221175669e+02
-3.859878644107653258e+02
-8.564658315357688423e+01
-2.789330555612540934e+02
-1.182212233334319365e+02
-4.551832833860647725e+02
-2.622484297769755131e+02
-7.424615719798296709e+01
-1.076931874700393621e+02
-5.042714550644940914e+02
3.179677291244985327e+01
-1.645048209235352488e+01
-2.732751417734362462e+02
-1.108375739759088816e+02
-2.413941920526111744e+02
-2.964595894958994222e+02
-2.292337977949611343e+02
-5.345985470450121113e+01
-2.549193398276012772e+02
-3.810767916341835644e+02
-3.610936068979936522e+02
-4.242927612784098983e+02
5.409010637356263373e+01
-5.149433978982297049e+02
-3.752109147023442688e+02
-1.022078592675892708e+02
-2.050017262870913726e+02
-2.190020272768958023e+02
-2.974961535309490728e+02
-4.565190354943827629e+02
-3.710625084537040266e+02
-1.427400696712173840e+02
-8.249615933596096795e+01
-3.190588158528202030e+02
-3.434311383299350382e+02
-1.824390170309181372e+02
-2.592282536992679525e+02
-3.860211013471648300e+01
-2.892016879697145271e+01
-3.296782872312464718e+01
-2.968560812109358267e+02
-2.341941998496668589e+02
6.852493595489036693e+00
9.665874255337492116e+01
-1.721411025213670598e+02
-1.259716122033236161e+02
-1.811243709372859598e+02
1.190085977927569871e+02
6.083786673529983346e+01
1.276691177028832236e+01
4.682976681742255920e+01
-1.458427335805449729e+02
4.424870361848024913e+01
-1.419081707268782679e+02
1.228544802088201848e+01
7.175525427546497781e+01
8.744075919850183709e+01
4.837661850861013590e+01
-1.537079152019168191e+02
8.077604854798505585e+01
-1.652299803192609602e+02
1.124822742389335559e+02
5.047328219053125054e+01
1.531087623083359972e+02
1.151983405937444189e+02
1.057619157246973884e+02
1.073475244522526424e+02
6.874761735840806409e+01
5.929083219852361708e+01
1.119017607804056524e+02
8.402208520159757654e+01
1.076371879242110197e+01
1.320010128604506576e+02
-6.007967298819391999e+01
9.973187842167052963e+01
-1.096798426307544929e+02
1.054457362533977118e+02
1.414387743334255845e+02
5.524418750799810596e+01
6.332171863501095288e+01
7.262790179922690470e+01
1.154757744606797161e+02
1.154803334296739052e+02
1.246266197983290454e+02
4.361089408109482690e+01
1.523271200133691536e+02
-5.758745613374125583e+01
1.062085405821905937e+02
8.467011751217278004e+01
1.330321289562228912e+02
1.214667831455094813e+02
8.367650365230062448e+01
9.169967106881085783e+01
9.483236774282268300e+01
1.094785021448516034e+02
1.530001833802336932e+02
6.558074222174201395e+01
1.230824352051452024e+02
1.103424411375087288e+02
1.373417189278845854e+02
1.496477504394929667e+02
-9.609988225043245791e+01
8.029239298589646978e+01
1.388477378081523455e+02
5.184649926205798920e+01
1.200967845083181800e+02
9.335109736328635677e+01
4.204208458722392550e+01
1.915828526894918582e+02
8.347145207301029757e+01
1.425769937152790590e+02
3.495255585217344674e+01
1.288094376233780451e+02
1.329475044069100136e+02
-3.623142530369846099e+02
1.390438559424853793e+02
1.517364708705752037e+02
1.768798869914508316e+02
1.280200906311500262e+02
9.464974480433124882e+01
1.349695308505104094e+02
1.260429834353312515e+02
9.897642893446906953e+01
1.203292049242599830e+02
1.420604250252934833e+02
1.078365065127412379e+02
1.731908105957613202e+02
1.471532253247380311e+02
1.466171350240344680e+02
1.530731431345711258e+02
1.297031545445814515e+02
1.667991025251428709e+02
1.587817550320808095e+02
1.739008319386429662e+02
1.461672806898419879e+02
8.473459125610176557e+01
1.797174613443660576e+02
1.633697383962817753e+02
1.482081162149778493e+02
1.552770548736751266e+02
1.577569141349486301e+02
1.124065738345621241e+02
1.015938836719565046e+02
1.813394885268647840e+02
1.157594306463642511e+02
1.599483043029003966e+02
1.827723802473813350e+02
1.209273397811315078e+02
1.275916068190342401e+02
1.598452708958443225e+02
1.635788029765538738e+02
1.099052338000551288e+02
1.752327118220424325e+02
1.070614971482460618e+02
1.391362246793065083e+02
1.118428651006987167e+02
1.586866193821412310e+02
1.744412945405477728e+02
1.071839499652642758e+01
1.461266823152696475e+02
1.173495031953910797e+02
9.446025350006371468e+01
1.118088878232386350e+02
1.473875429421309775e+02
1.363843499450951811e+02
1.605940659937529347e+02
1.494164931622065637e+02
6.483536715050377097e+01
6.885028879830224469e+01
1.408712497456998562e+02
1.361278000013485325e+02
1.301938595987545000e+02
1.291703323769865221e+02
1.523088198012270027e+02
1.863354874825015486e+02
1.474328856887984500e+02
-1.462783587937412051e+02
2.433349789559656529e+01
1.303402200529004062e+02
1.715990958147713457e+02
-1.010020636571381942e+02
1.923643503309825746e+02
9.692433305744934557e+01
1.127241678118454331e+02
1.488740440022426412e+02
1.054850433379503727e+01
1.000188023816046865e+02
1.462957394646556963e+02
1.410111531542427485e+02
1.415124313566767000e+02
1.747001718176090606e+02
1.636949558324276097e+02
1.385756368495209472e+02
1.591636670916060154e+02
4.036196404424657658e+00
1.583960607419587348e+02
1.345935760506242502e+02
1.740624476941081866e+02
1.152943519877452161e+02
5.250671525136993978e+01
1.527584896706154041e+02
1.571493794119922711e+02
1.466982202463872227e+02
1.694087286897039917e+02
1.409750766980142771e+02
1.493421767458415559e+02
1.569667764754170776e+02
1.609477525698671059e+02
9.109720167939131841e+01
1.118545099688621036e+02
1.554019117299034747e+02
1.595264634787974956e+01
9.784859911520254627e+01
1.465209769978818599e+02
1.392563920548952012e+02
1.657685454897340378e+02
1.333442380723699330e+02
1.596861244309995413e+02
1.217641368739854784e+02
1.460910619382240156e+02
1.663791396512522738e+02
1.594461688581019416e+02
8.164065536693316005e+01
1.191499712958002846e+02
1.163489303014345921e+02
-1.184962368282816669e+01
1.244650865388840515e+02
2.470818297096989795e+02
1.045895408675830112e+02
8.277256832928986796e+01
1.358257829175147151e+02
9.923678507297573503e+01
2.801796746018167710e+02
1.768374818981363603e+02
2.044023497311684423e-01
1.084488580971098770e+01
1.650180187474223317e+02
9.596456168765605810e+01
1.813064000253583572e+02
1.152290592432159997e+02
1.460785794080817652e+02
1.514448399372766687e+02
1.590943304373898854e+02
1.018091216290239487e+02
1.780290770217004024e+02
1.316228379325071671e+02
1.250654067780784828e+02
1.518883517200553683e+02
1.774495101811470761e+02
1.439531615714561212e+02
1.525155221079355101e+02
1.677089620693287202e+02
1.401194314379192747e+02
1.727913221295568462e+02
1.249114880805166763e+02
1.243272376669119978e+02
1.274375160448399100e+02
1.671623159530604426e+02
1.741340028258746031e+02
-1.259559431655054595e+01
-8.574703559239392803e+01
1.372402969915752635e+02
1.463355542698165266e+02
-1.882279062756236954e+01
1.842875408370040873e+02
1.601198361887595638e+02
-1.063324857549213078e+02
3.933499800344145569e+01
1.603917327227050009e+02
1.680028541775617725e+02
1.272510748235915941e+02
1.996639296370102556e+01
1.502432254908303833e+02
1.415318502333750814e+02
2.053710360332202924e+02
1.574003106104585754e+02
1.559478456082389357e+02
-1.020525471018075336e+00
1.902816369621118895e+02
2.568207334465523672e+01
1.366611711363888446e+02
2.256864900909704374e+01
1.876518813208276129e+02
1.656200082949190744e+02
2.042927816305640931e+01
1.543948455573693082e+02
9.417128925633213044e+01
1.313282563247963992e+02
3.047187802470225506e+02
1.066200841707023557e+02
1.464077197745093031e+02
9.453057857768490635e+01
2.048573042762451166e+02
1.249195890987116684e+02
1.328248128552147023e+02
1.989412912039363732e+02
1.779726838878271451e+02
1.395129682032642222e+02
1.002294813814853711e+02
1.628060014380037330e+02
1.785417974534699113e+02
1.372321056394970356e+02
7.479409986277495648e+01
1.746838454921043535e+02
2.830413648476861681e+02
1.730386248304638457e+02
-1.024832383937136626e+02
-9.280684702928640206e+01
1.762614371158859399e+02
2.603837079031620192e+02
2.176906483281406111e+02
-1.473421537809562096e+02
2.058798077039802479e+02
2.897253288243856559e+02
1.500416345057616923e+02
-4.027800405646772219e+00
1.336718962719341732e+02
2.761517318797658049e+02
1.844296676784947238e+02
1.576322847792933430e+02
1.580405776160059474e+02
1.494867661674207966e+02
1.351720595654114447e+02
1.487640263420934161e+01
2.470260748555636354e+01
2.955648445394725741e+02
-1.909132069656686781e+01
1.504006305143080340e+02
-5.509637613547909041e+00
1.846366612608470348e+02
1.802477459575052308e+02
1.687130288680867807e+02
2.650650413141243575e+02
1.013271700803001494e+02
1.602478983103231656e+02
1.716202617476955083e+02
2.649716097485641058e+02
1.587528834444960353e+02
1.290038269539092255e+02
2.610249762300205134e+02
2.487183392707797225e+02
1.686240710831787055e+02
1.463946001674289050e+02
1.721436599915990655e+02
1.253935928414622651e+02
5.497515777976346385e+01
1.795564331106052975e+02
1.542559105918531657e+02
1.822402112438176971e+02
1.417772168219016748e+02
1.826596538545153408e+02
1.465582212274306357e+02
1.962641081873573228e+02
2.790162688775748165e+02
1.769891153105810986e+02
1.196778694072137057e+02
2.689383216925594979e+02
1.629943703704363998e+02
1.527045384936631081e+02
1.627498888095637426e+02
1.577748694889577621e+02
2.975894756387444886e+02
-1.284374521405887037e+01
1.216592581531100024e+02
1.495861610796838477e+02
1.552519619589595266e+02
-1.644379167187238977e+00
2.788216577172231609e+02
1.355055123233276788e+02
1.739497856779526330e+02
1.406078918222398499e+02
2.693349133510024558e+02
3.018507058466822173e+02
2.705674726024388406e+02
2.711356099732456642e+02
1.687695981874176425e+02
2.772236620762705570e+02
2.700850159119615910e+02
1.227041188723843277e+02
1.316062796149084591e+02
1.291768375699444391e+02
2.695492894386990201e+02
1.459258359468765320e+02
1.232646755264269700e+02
2.668024810308839960e+02
1.719626883853757420e+02
1.303936101554419054e+02
1.415839826424461023e+02
2.583551097667706813e+02
2.766466228157443084e+02
1.183320999370922095e+02
1.523920321806342031e+02
2.641581693738168610e+02
1.412122053869304636e+02
2.686124121977421737e+02
2.552061615260179508e+02
1.107953113198905868e+02
1.424447892478762867e+02
2.828636544425208967e+02
2.051994965160257323e+01
1.494045462697711457e+02
2.741882006968061205e+02
2.563104549527443510e+02
1.368908797822533074e+02
1.151765667976276575e+02
1.865954242241407712e+02
1.311167701281338793e+02
2.084592158242692790e+02
1.220085494703932198e+02
2.743013032602319754e+02
1.063642913104006738e+02
2.441675015099430368e+01
1.151107142061483870e+02
2.990595177374887612e+02
2.555583893881947404e+02
3.016718656715156044e+01
1.883041258835299629e+02
-1.658124006490885165e+02
9.797658026520201702e+01
2.435728581252068636e+02
2.578697219618733811e+02
-2.226053360977580837e+02
1.239048717046095192e+02
1.350261216329353147e+02
1.395769164277797074e+02
2.819164828525878193e+02
1.981632370776740402e+02
2.747734901722059249e+02
2.896052410918396731e+02
1.732933322893335912e+02
1.836260982089791298e+02
8.353667724588493115e+01
-5.274677259066979929e+01
2.725719054683813738e+02
1.548225260758966897e+02
2.539391480894475706e+02
2.989413810873645048e+02
2.655770113853170642e+02
2.745232351634087991e+02
2.905409454993621239e+02
3.127839782079120141e+02
2.584337243408399445e+02
2.628195226692425877e+02
1.797922084486473864e+02
2.621886266034927075e+02
2.567099316644948317e+02
3.211633386473440055e+01
4.800233849236363426e+01
2.752585889799271399e+02
2.558547706947611005e+02
6.593752752730038935e+01
1.419325991282155996e+01
6.000195989470066138e+01
2.659554859584985707e+02
2.676366763924393695e+02
2.028560267598439566e+02
-8.577650675192718666e+01
-6.300713004970252484e+01
2.640766265902070700e+02
2.688796868532641611e+02
1.558513142794460009e+02
2.746988212539790766e+02
1.273398823383706997e+02
2.284748083703751718e+02
1.028272864173401047e+02
1.640074493381894740e+02
1.129863090119522440e+01
2.930874336623519412e+02
2.670579827781976405e+02
2.113090313487075491e+02
2.431086509439744532e+02
3.314089903375716517e+00
2.604801600429161681e+02
1.697878767907477027e+02
2.573839965782531749e+02
1.459604434302455900e+02
2.577686539706051576e+02
1.201430464815010737e+02
1.250506882604137644e+02
2.993350110398977222e+02
2.640895681695752160e+02
2.680418252691016505e+02
1.416956393597533577e+02
1.383595331307166703e+02
2.700319098349981459e+02
2.008505982566254886e+02
2.298538733693978884e+02
2.973227656822559766e+02
2.794464431514419402e+02
2.600947448613575261e+02
