-6.537996911592151150e+01
-3.117584164983379651e+02
-4.075526782732442257e+02
-3.921279026586835244e+02
-2.372865248294252467e+02
-4.312839264458245339e+02
-2.510083708414842363e+02
-2.962858880727607129e+02
-1.771294958834587590e+02
-2.940125836580539271e+02
-5.352106576109159732e+02
-1.411935017327338073e+02
-3.313920757832622712e+02
-1.888668268580244956e+02
-2.351653529710604857e+02
-1.440129713782510237e+02
-6.731987358126195886e+01
-1.026979136928038940e+02
-2.791527306759703606e+02
-5.983663773095011038e+02
-5.013191920806618782e+02
-1.664891752226521930e+02
-3.888506416496975930e+02
-2.705289377045155561e+02
-2.557559622840376790e+02
-4.360979624270001409e+01
-2.843701794115517600e+01
-2.965329240066874377e+02
-2.750482426526248219e+02
-3.652137769463996051e+02
-3.992585203776897060e+02
-3.005306599544667847e+02
-4.839396712522765256e+02
-6.015921415134128836e+01
-2.751830583930460534e+02
-2.486977416166239152e+02
-2.353095876215856208e+02
-3.252452982912457173e+02
-9.796783438371402042e+01
-4.668036423866907967e+02
2.091042968558667070e+01
-4.359058185972761521e+02
-2.414652322942466611e+01
-3.808473685141408964e+02
-2.158442180903821495e+01
-4.228073539974567439e+02
-2.423618819617386180e+02
-3.772506163009950342e+01
-1.240429560086836744e+02
-1.219758326381632116e+02
-4.747091394398318016e+02
-1.369784203372899469e+02
-2.999321586949901643e+02
-3.905337470994010118e+01
-1.352865983406085491e+02
1.213522015778205514e+02
8.549607756007698356e+01
2.233430467936005925e+01
-2.905375563875754779e+02
-1.213660346918215893e+01
7.015747717599472821e+01
-1.032099694803736156e+02
1.443752248231884892e+02
1.178374258973997115e+02
-8.418815812137703247e+00
-1.188084702805780779e+02
-8.896450448510955233e-01
-6.576071507059748633e+00
1.176125879913940651e+02
-1.182817337205088535e+02
-1.306892601196794033e+02
-1.258715982089658922e+02
1.091612241652749447e+02
7.280000423142067234e+01
-1.291020919785004821e+02
-6.900806083947824732e+01
1.199733491103378640e+02
-2.211082297769984883e+00
3.364780708076065707e+01
3.810543078155366459e+01
-1.385471868008710032e+02
5.206992565751536972e+01
-7.076556415763142205e+00
-6.805970682225814983e+01
-5.555989684924160343e+01
-1.264574979663817373e+02
-2.423286702228589462e+01
-6.983725194288268767e+00
8.736065998521122822e+01
-1.100974342797379677e+02
8.442950649670416396e+01
-2.725283401609133449e+01
-9.696883545118035386e+01
-5.106848034207212095e+01
-1.131588563376361520e+02
1.099469806276778741e+02
1.005756323908771606e+02
1.792148051513245122e+01
4.303017452575103619e+01
1.749860821691783599e+02
7.281898109666487073e+01
1.713866585365207129e+02
1.440271864787178231e+02
1.034426769500588961e+02
1.326454782460238562e+02
-1.209595318561723643e+00
9.546810123333285958e+01
1.008559539562651963e+02
1.368266707049684214e+02
9.106177324715372379e+01
1.356091808149846258e+02
9.787359793117873608e+01
1.503263864981931022e+02
-9.625293011382396458e+01
6.087002085787585770e+01
1.562476865390995329e+02
9.222891814024346502e+01
-4.913699002336960220e+00
1.473190281991180370e+02
1.681576930052493424e+02
1.824303260217226637e+02
-1.054495887337226065e+02
1.150515465073762869e+02
1.225568114651325970e+02
1.835131706697138441e+02
1.279565712113188880e+02
2.825155610465467859e+01
1.819139630767429594e+02
1.298818437056594917e+02
3.821027120585918624e+01
5.621972466638853660e+01
5.281827257585911184e+01
1.860798657537367831e+02
1.097973876359056362e+02
5.327610727270626967e+01
8.482973654391682317e+01
1.713374393767958850e+02
7.574007460534139113e+01
1.355120903466799689e+02
1.348846782024728270e+02
3.085261022558628241e+01
1.409958378711884848e+02
9.110726827368348779e+01
8.658629516344061017e+01
1.322284030292492787e+02
9.148509279851265319e+01
5.096539931093896314e+01
8.901323203108357518e+01
1.760220685483642455e+02
1.012715664101416309e+02
1.022826893469553227e+02
1.164581602161095049e+02
1.825229459217572980e+02
1.429870045029935852e+02
9.845852675964425771e+01
1.751862576089264962e+02
1.205795249082639486e+02
1.676143199270223931e+02
8.155584623852158188e+01
8.432995770498133936e+01
2.053425634673339744e+02
1.421032410547828135e+02
9.872912330025582150e+01
9.407419637674162516e+01
1.484918532930401796e+02
1.579371002087403326e+02
1.434298033075557726e+02
1.661678629459134413e+02
1.430248285326607345e+02
1.365849131221869470e+02
1.510784356120888958e+02
1.668731782118282752e+02
1.760739101619492999e+02
-1.781620851584227694e+02
1.623460341692543807e+02
1.879076130965869993e+02
1.812453836004103209e+02
1.292786110050944330e+02
1.353708442040949080e+02
1.545185858991790724e+02
1.370065975981927977e+02
9.988972145853909979e+01
1.540435867139826200e+02
1.220272104559604145e+02
1.533605681888612935e+02
-8.942088779988912961e+01
1.703775722133294153e+02
1.557323905793730319e+02
-2.284671840273239241e+01
1.630244231485205830e+02
1.450257472340103959e+02
1.391364749670765093e+02
1.137708530333341344e+02
1.785716557908272648e+02
1.725879077469905667e+02
1.600063783204226695e+02
1.835731850293888670e+02
1.396918877007558990e+02
3.485316084346155208e+01
1.789289449933546052e+02
4.352290202937280128e+01
1.266881220433095763e+02
1.979664011499223761e+02
1.586179506946350557e+02
-2.978333465502984723e+00
1.681559788085539822e+02
1.521192898856321563e+01
1.236650136872111148e+02
1.491513102694329973e+02
1.481136700665018680e+02
1.216257952193462017e+02
1.692994710812051835e+02
1.858949345147192105e+02
1.782344022049881858e+02
1.566678132611927481e+02
4.431288198589618332e+01
9.275803402510592832e+01
1.352036145009874417e+02
1.305104598120253740e+02
1.274752981795652147e+02
2.662599482070828572e+01
1.704322128128278280e+02
-3.917508563579097824e+01
1.488992978695350189e+02
1.750064817712519698e+02
3.741644192401483338e+01
7.145208086183782825e+01
8.073555627280234148e+01
1.757106890354966993e+02
1.072726553009849084e+02
1.547757841784471111e+02
1.150348105381426365e+02
1.407547434000834414e+02
1.563467374583526066e+02
7.881621435216072769e+01
1.828623636857055601e+02
4.488546702470617333e+01
1.883327025040016167e+02
1.581084259110424455e+02
1.770010605594030721e+02
1.018919312984964165e+02
1.336545166405439318e+02
2.056055451821177087e+02
-1.479764693639626216e+02
1.775896458296213893e+02
1.752063633855559033e+02
2.077085247982197700e+02
1.513172700944872133e+02
1.470650494007480518e+02
1.576829590830826646e+02
1.273739238605561894e+02
1.042227682307884180e+02
1.700020385218830086e+02
1.292002762193241949e+02
1.514329114651058319e+02
6.200204081582475624e+01
8.858982862380524637e+01
1.604363439267628451e+02
2.075758164750461958e+02
1.135861493982521466e+02
1.196033819823575755e+02
2.130382559693178735e+01
2.103612052644754726e+02
7.334004807029101869e+01
1.614412102823209807e+02
1.268231987266058240e+02
1.060625264442807918e+02
6.117482408404578109e+01
1.108892707217091100e+02
8.432651517714505474e+01
1.664240418222468918e+02
1.324144202695920853e+02
9.028396124583299809e+01
1.724562916585583139e+02
1.355552437523281526e+02
1.053858646991256052e+02
9.981127448959234982e+01
1.140260555075318791e+02
1.620176441302634203e+02
1.104921324345434499e+02
2.851609574666788944e+02
1.172388566044296851e+02
6.209011113998676734e+01
1.432344491124933654e+02
4.614498169739212585e+01
1.411757078946625654e+02
1.500867712507807141e+02
1.813482915500522097e+02
1.431826804719437689e+02
1.225589208664065950e+02
1.399075586890439808e+02
1.708099159817233783e+02
1.394036404474452411e+02
1.608857698004676706e+02
9.758952248409089236e+01
1.424039486689753176e+02
1.686340911463480268e+02
1.105666963700273584e+02
1.982406359290288833e+01
2.679715616345444005e+02
2.248679539167036978e+02
1.674008456582202200e+02
1.144822180268018172e+02
2.109296302554806459e+02
1.047798429764924037e+02
1.103664901677587693e+02
1.989202990318705986e+02
1.330929126222195578e+02
1.287526295736783197e+02
1.016989565326818479e+01
3.127759815832482104e+01
1.690123444256854839e+02
1.476636374529124396e+02
1.038949762962243994e+01
1.923459448883848779e+02
1.566930368292795777e+02
1.361523976635906479e+02
1.532242161721269724e+02
1.447270528527654108e+02
1.851338516107582564e+02
1.187494627403225707e+02
2.045639070720501138e+02
1.600918996987821004e+02
1.656021460078660539e+02
2.909820679269880088e+02
3.316602892442637085e+01
2.023456021512510006e+02
1.668506667853431793e+02
1.662860557836587532e+02
1.469116385964263998e+02
2.805259841501204505e+02
1.216054935252462030e+02
-1.501450856933256546e+02
1.973577367071630988e+02
1.276008985729596361e+02
1.492150920953323521e+02
1.421182458980944716e+02
1.739845735412612271e+02
1.100217128171355370e+02
1.127560973275385834e+02
1.591998299292391437e+02
1.243026614254166873e+02
2.666889478301221743e+02
1.716722143018184283e+02
1.412964405703104092e+02
1.392157194859829303e+02
2.434473476798046647e+02
1.104032827311780096e+02
1.268652531846223184e+02
1.444319907334899824e+02
2.733090635667555262e+02
1.881569037963267874e+02
1.111822988958879392e+02
1.651704019129081757e+02
1.919070103111205867e+02
2.030528441119231786e+02
1.194789621150904253e+02
2.502098293633022195e+02
2.651954089925625340e+02
1.783624100107251138e+02
9.387513743077518313e+01
1.480422735046434468e+02
1.193023117380552520e+02
1.100175452001441982e+02
1.149398997093400681e+02
1.352118831599195801e+02
1.713329441292674744e+02
1.579388185039087773e+02
1.731958804292074774e+02
1.277494908902085200e+02
1.496812338771634643e+02
1.507689846937857396e+02
2.722391002003143967e+02
2.644818797778536918e+02
2.435225566030984226e+02
1.283112627705325508e+02
1.005149867818610119e+02
2.469825135115428623e+02
2.962058582243654428e+02
1.057673438912006247e+02
1.249077102267354320e+02
1.032101087134390411e+02
-7.732679712914463721e+01
3.419387116927063630e+01
1.487252927154942199e+02
2.587836454096409966e+02
2.519251699999379639e+02
2.666644739604845427e+01
1.985712751626074066e+02
1.174231972666322577e+02
1.246702921188157092e+02
-1.087191953505251263e+02
2.029318272013720730e+02
1.328327065854735451e+02
8.934340313378361031e+01
1.032223464797172028e+02
1.747361375434706474e+02
1.337724018577479512e+02
2.747840468650151138e+02
-9.723068175886521658e+01
1.258226034081121725e+02
2.541107740941654072e+02
1.658164385741499416e+02
1.567440516385682372e+02
1.280547968282923534e+02
1.609115154857200025e+02
2.877330553345955195e+02
2.212024305235360089e+02
2.791196782998835602e+02
1.074380242730096739e+02
1.003341389792906142e+02
2.762632587165921905e+02
1.135463767199518799e+02
1.331439023279707499e+02
-5.144488727912576564e+01
-8.245328745387567437e+01
5.968159592664309798e+01
2.532465357931438632e+02
-8.590591771330417714e+01
1.298947020333644389e+02
-4.114778596131145605e+00
-5.612183665333019178e+01
1.406867117712234574e+02
9.000786265501548655e+01
1.031237068559868106e+02
8.462841171832496912e+01
2.693960067849484972e+02
2.421881167247586006e+02
1.574130146291646781e+02
2.745752097301900676e+02
2.728762417431022413e+02
1.185792657052167556e+02
2.944331123375566222e+02
1.521898906863881678e+02
1.124216769869692456e+02
2.212041071576492186e+02
1.724414828004513538e+02
1.055697854208227398e+02
1.463924466866206444e+02
2.876309002000958799e+02
1.083279664814688488e+02
2.132735690858048372e+02
2.785414879626207494e+02
1.450066025736076938e+02
1.407058237292451111e+02
2.875884988948938599e+02
2.547747668439890845e+02
2.748228982547032615e+02
2.575748394308878915e+02
9.391764629827702038e+01
3.028344208578777170e+02
1.410278144639537743e+02
2.030601820113241160e+02
-9.334530892646479572e+01
2.526127133113066350e+02
2.776314629736779125e+02
2.480360922558123207e+02
2.479443858391404660e+02
2.763906580641444179e+02
1.466620861943264345e+02
8.793577173366713851e+00
2.616369864971400148e+02
2.652609133141806979e+02
3.164767074562229254e+01
2.954748233774365644e+02
2.687498603131593882e+02
2.590176625487454771e+02
2.900846329082626198e+02
1.728166827720515357e+02
2.380687825693003958e+02
2.373047520028285646e+02
1.467582363569486574e+02
2.974169344121748964e+02
1.617671525246000499e+02
1.180413688405863581e+02
-1.784266635817997440e+02
9.148507842504864129e+01
2.880774352466859227e+02
2.467037282722869804e+02
6.903859940427058461e+01
1.977541968727055632e+02
1.131854681078288820e+02
2.844803055384138588e+02
2.724755199184777439e+02
2.551888621913849136e+02
2.830950681394351705e+02
2.565324826742732398e+02
2.892623330039414213e+02
2.104814957528658965e+02
1.585023722628694145e+02
2.697485559536271467e+02
2.888195845765887952e+02
7.648152303963112786e+01
2.467846777469166568e+02
3.035104131279026660e+02
2.846562911638206401e+02
9.323407533732546426e+01
3.008695492171863179e+02
2.873678071875114028e+02
9.521485955667590417e+01
