-4.775461651586464313e+02
-2.425037647378155441e+02
-5.347330580695647768e+02
-4.123218504941256128e+02
-1.669749620293909800e+02
-3.000538881012833485e+02
-2.598406719230850968e+02
-3.380969845701949907e+02
-4.178900816871830557e+02
-2.177808620105181490e+02
-5.117458290041159330e+02
-2.476176243030708690e+02
-1.536953655207813085e+02
-2.461485995591922631e+02
-4.695620710971563767e+02
-5.173103729896247387e+02
-2.991871920421807545e+02
-3.272085924296229678e+02
-5.119537842981753784e+02
-6.365524825600985537e+00
-2.974342697214134432e+02
-3.643318989830747796e+02
-4.174094756673812299e+02
-4.836995957380544269e+02
-2.430762259983834781e+02
-2.818071396376745952e+02
-4.523953791599955139e+02
-3.688065650239042839e+02
-2.729111404765800444e+02
-3.042513988436932095e+02
-3.044531136642029878e+02
-4.833833757798595343e+02
-2.863012916893694637e+02
-2.068046229487873688e+01
-2.946893379256655408e+02
-2.029305902788810556e+02
-2.131379950722238164e+02
-3.589613257310243455e+01
-2.759841040879514367e+02
-1.103936063766066269e+02
-1.288399011561165821e+02
-2.944601736245239181e+02
-5.157189240906267713e+01
-5.460997367476322779e+02
-2.236903999585346696e+02
-1.360408602563607303e+02
-6.747860392133705432e+01
-8.913958959900237744e+01
1.101167105226346621e+01
-4.942626159383956264e+01
2.860325312766760675e+01
-1.420501221241627263e+02
4.964540560679566283e+01
-3.245230484184796751e+02
-1.002454818141444406e+02
-2.110302817007670910e+02
-1.109704747377028298e+02
-1.282521267518973929e+01
4.126042918505774537e+01
-1.039244357605574720e+02
-2.329464043297707221e+01
-2.896227461008963289e+01
-7.473113342875471687e+01
1.264163328434015909e+02
-5.058828917317313767e+01
4.212064328282524173e+01
6.934509939053076266e+01
1.987133685486740831e+01
6.701887948589650534e+01
9.097888965061044075e+01
1.063455594504403194e+02
-9.317624284072810781e+01
9.907099761073533628e+00
1.245321965090092498e+01
-1.476723482401815488e+02
1.233905943903125149e+02
3.348585719027438756e+01
7.866421901800119088e+01
-1.192513996216134871e+02
1.272071258824092013e+02
-1.318138541311070355e+02
-6.186078966765517606e+01
8.164608524917265697e+01
1.499308999587644280e+02
9.063211760501064873e+01
5.231504905358077906e+01
1.214620020195297201e+02
1.477554509822060993e+02
-9.713628476060297601e+01
-1.449997000060585890e+02
2.664782481332931852e+01
5.902957160282740290e+01
1.191966527744722413e+02
3.781164724151125967e+01
7.085292750347997526e+01
-7.751848024983823393e+01
9.888093466894451922e+01
8.488582768023660208e+01
-7.619667980802742591e+01
-8.051679038383547038e+01
5.242093627602730521e+01
2.036133200741370786e+01
1.291581639189299722e+02
6.124777911898095795e+01
1.135370381296295932e+02
-7.278197506825556218e+01
1.301409641776032231e+02
1.114367958167402008e+02
1.185618420723592124e+02
1.537089073266847379e+02
1.221850758953181639e+02
1.311293802684796788e+02
1.482945003775651003e+02
1.037738666513059655e+02
1.133642286948338125e+02
1.271155767688335629e+02
1.456083471383541053e+02
1.627511657614620617e+02
1.543618289612380181e+02
1.656303350288240210e+02
5.260813677123335452e+01
1.372457586806439451e+02
1.213496027896460134e+02
1.798103603883726009e+02
1.479457700302354226e+02
1.042718526399306285e+02
1.601881455721055829e+02
8.720420992130289051e+01
1.597718180683717435e+02
9.956374461045041357e+01
-1.775168834308534827e+01
9.390488186013550376e+01
9.613705710018220429e+01
8.531455159756342255e+01
1.125116583454767039e+02
1.523789511213096546e+02
1.622167437604801705e+02
1.008516561853938498e+02
1.432673389903840189e+02
1.592893898638749874e+02
5.233595004779442661e+01
9.398056835900504780e+01
8.098299213924532580e+01
7.603709663432158550e+01
1.583771671698828811e+02
1.300264620664703727e+02
1.732114153302524073e+02
1.406410458221258182e+02
1.237461465290449780e+02
1.151581604020372964e+02
1.298127791395760937e+02
7.561171448145589125e+01
1.437312214171484470e+02
1.951132497227776952e+01
1.080769022177518224e+02
1.672736219848439987e+02
1.268793571908205848e+02
1.436997966780075160e+02
1.996808254046530351e+01
1.198191188186223144e+02
6.801440221336019931e+01
5.086418632458992306e+01
1.449755773739411211e+02
1.286063683109711349e+02
1.765119550477046175e+02
1.465156077363601241e+02
1.163463544599093211e+02
1.345729009583495497e+02
1.523563521287535139e+02
3.597460981281156478e+01
1.446278392639223682e+02
4.880871251472385097e+01
5.757501947304302803e+01
5.041686581062167249e+01
1.177318005175646505e+02
1.704290014845134067e+02
5.692027855625320854e+01
9.716010889966759123e+01
5.513540522136744926e+01
1.480768791291633022e+02
1.245403936727349219e+02
1.186440217982535472e+02
4.059284032431982325e+01
1.580396701432547388e+02
1.359028002090359735e+02
4.689719666008664944e+01
1.556058095981228178e+02
1.402357732049371748e+02
5.520013255619620907e+01
1.479492428279348246e+02
1.193462528171928767e+02
1.741615762955161699e+02
1.501525317267247033e+02
1.557353019690910685e+02
1.693939344029285223e+02
1.480282106134191622e+02
1.154877311583912132e+02
1.337743644734945576e+02
1.796119149784182127e+02
9.900043003506453942e+01
1.362896522791484699e+02
1.118828032253411067e+02
1.353893509539201716e+02
1.330759338444327966e+02
1.372874016880425074e+02
1.804609518161360597e+02
1.171870516136841047e+02
1.207180757279359113e+02
-4.783593423729541882e-01
1.524799670516664776e+02
-1.635711425816610642e+01
1.426213143564934569e+02
1.739024811963874697e+02
1.690386431539131138e+02
1.101762604744855025e+02
1.127929551519510767e+02
1.351082204059537730e+02
8.614611543519595216e+01
1.355784737968362776e+02
1.755451262275806243e+02
1.146313193575036848e+02
-2.223803763817241474e+01
4.475221903944117230e+01
1.065510892634496400e+02
1.268219440664828142e+02
1.440964988955313402e+02
1.689516997748598328e+02
1.396434233315588358e+01
1.570185057625819240e+02
5.838290252955259518e+01
9.095741063240848234e+01
1.262764807655698149e+02
1.549843123098967794e+02
1.534573580858973116e+02
1.257857812580395915e+02
2.368371362807509684e+02
1.452924980149453518e+02
1.027662663520729893e+02
1.221758989904395065e+02
9.620280779183633513e+01
1.694934222502872956e+01
1.044885061240953661e+02
4.234221143702390577e+01
1.717356297951136241e+02
1.377012063565151720e+02
1.245182521867024406e+02
1.677679159141289347e+02
1.529177209103734754e+02
1.450812975324551530e+02
1.426884997416894976e+02
3.393012657271765420e+01
1.328557341223962567e+02
-7.385501504579877974e+00
1.582656705696859660e+02
5.597459319427252922e+01
1.802856845427822634e+02
1.079163838379169391e+02
1.480372893145325293e+02
1.410285165006347938e+02
1.329526987551565185e+02
1.320114523016779629e+02
1.520622337988993138e+02
1.204359128809014976e+02
1.809807796650921432e+02
1.777236785652667663e+02
9.718752661462472986e+01
1.279551348380333877e+02
5.443166082233881298e+01
1.283382718589842284e+02
1.470953833595901870e+02
1.417740037874427799e+02
1.516269516520530942e+02
1.221035939906918770e+02
1.596560968382283647e+02
-1.047877864130645094e+02
1.618442110654310113e+02
2.785148578226600193e+02
9.086263650343654774e+01
1.577636719077033263e+02
1.833056204224019048e+00
1.054247583993294057e+02
1.187068043093163539e+02
1.825781000131075302e+02
1.747399917233796032e+02
1.557699995897334588e+02
1.251595738838328629e+02
1.788904449854304346e+02
1.855926173869484046e+02
2.094083348598136354e+02
-1.757539555191176248e+02
1.716408146558368344e+02
1.481466563721606917e+02
1.179092566150666812e+02
-2.314539285127372636e+02
1.968311505455764632e+02
1.672289320387645830e+02
1.914107316010813236e+02
1.400543125233361934e+02
1.696980701228031592e+02
1.390961108659949730e+02
1.459236379856287442e+02
1.531711708862711703e+02
1.955775857189497060e+02
1.267878882112725876e+02
1.229656401875302976e+02
2.024169178860419436e+02
1.594315787856203031e+02
1.638103067310173344e+02
1.324816703531834889e+02
1.494343463986685947e+02
1.700046075956024367e+02
-2.010966701139771828e+01
1.486717878769113099e+02
1.022217722480888540e+02
1.059187061972614430e+02
9.675710036757264731e+01
1.163177559581491636e+02
1.578177351096564678e+02
2.995975546540669257e+02
1.016606123862251820e+02
2.026089778147168943e+02
1.752801412913879915e+02
1.490167438440048215e+02
1.741366092389712321e+02
3.030848236107416369e+02
1.273684894475747740e+02
2.986857505286143351e+02
2.097496622667295583e+02
-1.718510777636342652e+02
2.666015197846984961e+02
1.755035177707788421e+02
1.649864598171638761e+02
2.880444463534257693e+02
2.620178340639062071e+02
2.923335385592002922e+02
1.908093660606209028e+02
1.823083303147024310e+02
3.173362837090672883e+02
1.853868715370992675e+02
1.428410216180454881e+02
1.037121822149117918e+02
2.459635495021651650e+02
-1.977711993908034174e+02
2.645614672850277316e+02
1.519561723166023626e+02
2.855938540472174623e+02
2.070323602200190862e+02
1.164293210275297241e+02
1.688208385159753391e+02
1.751728457678160851e+02
1.848005755978161631e+02
3.576681017397680762e+01
1.647679903521005542e+02
1.763294377723872230e+02
2.954367386914954068e+02
2.347881095433856729e+02
5.351560117460678612e-01
1.932635028480436574e+02
5.754755252204091676e+01
2.063714774017552429e+02
2.048665658354514107e+02
5.692328637501313437e+01
1.432280946779862916e+02
5.735477065946332687e+01
6.485584894933961664e+01
2.017840716555146514e+02
2.716201292382902466e+02
1.798868800268736834e+02
2.612003693432259297e+02
1.439232662025705736e+02
1.439043671504855695e+02
3.136387753138779431e+02
1.587935020621325464e+02
2.926425874894573553e+02
1.852213021061154734e+02
1.751723255707116209e+02
2.771962893743680070e+02
2.885147779092817473e+02
1.666740857561500491e+02
4.172902587644168193e+01
6.501818447372571086e+01
1.723424622704671378e+02
2.330427955199571102e+02
1.953906467054257519e+02
4.139314474697465585e+01
1.728392663643163587e+02
1.280456613832959647e+02
2.885011660165567946e+02
2.974905036663022884e+02
2.084296559221658072e+02
2.752372282817605083e+02
1.738523832867146268e+02
1.942227365687608653e+02
2.790249718777580483e+02
1.831030150908984240e+02
2.378878672049765441e+02
2.914451137891355756e+02
1.669645605314812826e+02
1.298081355340251548e+02
3.249349935768653381e+02
2.920033536371684590e+02
3.855878813724638121e+01
2.758309404803696907e+02
2.891276871455655737e+02
2.802444174348852357e+02
1.443068003148266030e+02
1.586330892671218464e+02
3.013432944205072772e+02
1.508642997154331624e+02
2.973388143782159432e+02
2.713998077936595905e+02
2.821616904056512567e+02
8.564423583222151137e+01
2.643606269078262017e+02
2.658719152675296868e+02
1.183711998527870009e+02
1.373542462522509027e+02
2.910199281921894681e+02
2.922381144879563521e+02
1.059119390193954189e+02
1.593049373095835790e+02
2.559590406784807897e+02
1.309241041714924734e+02
1.022830444395659697e+02
2.454479120555892280e+02
2.819306620003314947e+02
2.625275727715882113e+02
1.470565674401085232e+02
2.591912626525179348e+02
1.004338944297106053e+02
2.957865371170652224e+02
1.735276411182992433e+02
2.760266775903799044e+02
1.650482210168551944e+02
1.392779967180000824e+02
4.040380409288911778e+01
1.609291688698474161e+02
2.943575740401919347e+02
2.826021103473530047e+02
2.670121449214222480e+02
2.742438451838438596e+02
2.892374249067461847e+02
2.858304331637243649e+02
2.669214675591482546e+02
1.404886377233515020e+02
1.612756155426631608e+02
-6.476076595811395009e+02
2.111559529819977001e+02
7.684710181634820003e+01
1.333733397944706098e+02
2.724570695298544933e+02
2.411076036025167184e+02
2.724991790894886208e+02
1.438847416079128436e+02
1.282901929172577695e+02
3.098685804180024093e+02
2.691438654620190505e+02
2.915597041031729759e+02
2.702188173213713185e+02
4.750354296297476253e+01
1.821355495671949711e+02
1.806999528235743924e+01
-2.640443341766484764e+02
2.914873352605214905e+02
2.520350887034765606e+02
1.503231492611768658e+02
3.222803701560990248e+02
2.987504125084140014e+02
3.112758247656013850e+02
2.491278359239354359e+02
2.934396811068573925e+02
1.519595680557716832e+02
1.795257134483476875e+02
2.712167475862544279e+02
2.820129818470365421e+02
1.373635912132727697e+02
2.610257801495147305e+02
1.494128753621052113e+02
-8.747711501215817975e+01
1.493396601813116433e+02
2.855306538975303283e+02
2.585562790438336833e+02
1.295509992725060329e+02
2.924118351448823319e+02
2.528137810404083723e+02
1.365931145137961096e+02
2.727103713836477255e+02
1.448741825514742345e+02
2.583947974466906317e+02
1.517367738451851551e+02
-2.987251915612233688e+01
2.781662235538403820e+02
2.932901034280907879e+02
9.656348258377256855e+01
1.584506065310001475e+02
8.311975302350916195e+01
2.675887463638988493e+02
3.041287035119695474e+02
7.995662349827233584e+01
2.796461105103165892e+02
