-4.191445459547214796e+02
-3.621733561142285112e+02
-1.723783448102848297e+02
-4.159176656488006643e+02
-2.423262372741120600e+02
-1.967620067113556104e+02
-4.573979368551046605e+02
-2.241036604989008083e+02
-4.730199602388057656e+02
-5.519967516579490621e+02
-6.306701090806596000e+01
-2.298514710980476821e+02
-7.230877361145662974e+01
-6.080306405945152619e+02
-3.235074848349104286e+02
-3.691299275567055815e+02
-1.279144439087226601e+02
-6.499613594035494089e+02
-2.154797442310244833e+02
-1.710827504809469701e+01
-4.043111094994764017e+02
-3.967027857512982791e+02
-2.998156396529622043e+02
-4.166100107989766599e+01
-2.822795576685645074e+02
-4.828293403728596900e+02
-1.398252572911894731e+01
-2.041190375953442242e+02
-3.547646290071729140e+02
-5.095668037193024134e+02
-3.217454218614702768e+02
-7.462674024318248485e+02
-3.287531329931685491e+02
7.585480753733733650e+00
-8.282489410930762119e+01
-1.754203984451551435e+02
-1.863578418878183243e+02
-1.895673570194326771e+02
-2.986326049644013665e+02
-8.837908260674622341e+01
5.098788197481209750e+01
-2.732372125087268842e+02
-7.832775723070000140e+00
-2.838479286938978703e+02
-1.988805692343423743e+02
-1.025277572588963295e+02
1.015203625755978436e+02
-6.577005013740853201e+01
-1.307891380407930342e+02
1.735603990363197235e+00
6.058618431936056936e+01
-1.752831183915968722e+02
-1.281650413246484277e+02
4.781690985433606045e+01
5.613040266618100560e+01
8.267477739465149966e+01
-1.512180128220375366e+02
-2.082402225958529129e+02
-8.972259389630326609e+01
-1.580004639768334869e+02
-5.108301627354133245e+01
9.937915698896210870e+01
4.875429375452717551e+01
8.473661224500520461e+01
5.507224055775941451e+01
9.242665108592213130e+01
1.933723988890735868e+01
2.437681855094256278e+00
-1.333412364488768098e+01
-1.742697969073839204e+02
-1.426369265466414049e+02
-9.830625938557140842e+01
-1.052655576895100467e+02
5.297465988868277975e+01
-2.006336368671218793e+02
-1.426575896712003555e+02
6.830753330825666580e+01
1.033480509681140518e+02
9.688529980779935613e+01
-9.885983979251805920e+01
-1.138452785506408418e+02
5.540805431019303740e+01
-2.621805617985005483e+02
9.397730665455620169e+01
1.143753884835985275e+02
5.468164564861154986e+01
2.427620076270028093e+01
-1.143177009359818896e+01
-1.035051192088475176e+02
9.495371845940572086e+01
9.934504131141864036e+01
-1.733319992080135989e+02
-6.235771102072365579e+01
1.863104551661365349e+00
-8.447215309788509785e+01
-6.237982518777546659e+01
1.226336771810508992e+02
-6.837853854720083291e+01
4.971742338818739881e+01
-8.444389896002169849e+01
-3.308446590066195370e+01
-4.455802532098954316e+01
6.298059111157228074e+01
-3.686573124234445231e+01
-1.073554553387748740e+02
-1.347679378418129090e+02
1.356499109159034901e+02
6.049564906998827496e+01
3.866013923513089168e+01
1.083707276937930573e+02
7.727331060438216070e+01
8.912610542367747257e+01
1.164562190475959085e+02
-3.354810446062106166e+01
-8.816373517282970340e+01
1.229541087480452433e+02
9.541659403984218102e+01
-2.157292730970603145e+01
-6.384328159229951893e+01
1.271434859245650557e+02
1.399287855409546069e+02
1.041675024166383139e+02
7.338591988204180439e+01
1.336239857080079787e+02
1.072544925018919599e+02
1.381855271851991631e+02
6.972203154999571950e+01
-1.020915346763875107e+02
-9.068183014491191329e+01
1.393231112467013588e+02
3.829082710905703379e+01
9.373903979961983168e+01
7.913193822097949237e+01
7.821491726661015775e+01
-1.656582542684098485e+02
8.924878289270402831e+01
1.665330235666277190e+02
1.020485668703136639e+02
-1.128515453509806861e+02
1.174258019962809954e+02
8.847024841566656050e+01
1.367322301719880784e+02
1.278632999874572960e+02
1.308714478940325989e+02
-1.133402748673462952e+02
1.429478378613877112e+02
1.588013767484424079e+02
1.334285618852478592e+02
1.190563704098488103e+02
6.207307025848062665e+01
8.503577463479687992e+01
1.421618875671862270e+02
1.307075188350670203e+02
1.561122988090530157e+02
1.042720206658317466e+02
1.432957738418037081e+02
1.356134574994212016e+02
-2.506264305895574296e+01
1.717061052941465675e+02
9.933790605630942139e+01
1.648094972372348650e+02
3.746099796256350345e+01
-2.411482379363347661e+01
7.029174811994771233e+01
1.189909661345822229e+02
1.467328467659822024e+02
1.523116254273376455e+02
1.543700724087565845e+02
1.296599637696965317e+02
1.081551881093678986e+02
1.555266040099429858e+02
1.545143245216119965e+02
1.719719675371555354e+02
1.689765917678583378e+02
1.633077023829085022e+02
9.388630197863965066e+01
1.688378983483353295e+02
-7.441781949007392427e+01
1.208601778688210402e+02
8.844013859479244388e+01
1.541421629519678334e+02
7.731377462218387109e+01
1.406778195392250836e+02
1.602886684595840165e+02
1.764026390262111761e+02
1.123222331417060076e+02
1.380688959760576893e+02
1.472557776279872428e+02
1.737170971046196257e+02
1.148607862496264005e+02
1.175345223362649563e+02
1.334553434928340891e+02
1.593330504195586741e+02
1.288471550612678698e+02
9.712953839768378828e+01
-5.786091505514889377e+01
1.203806737480450266e+02
1.148118747218872358e+02
1.128887144243798559e+02
1.833874905196722978e+02
1.698251459542683790e+02
-3.783457797405307588e+01
1.562984668011965823e+02
1.424504845399499118e+02
1.254058199510074303e+02
1.367370288515286063e+02
1.510806182041623629e+02
1.464456710979210925e+02
1.354176546100772214e+02
1.409306977797791376e+02
-8.622636152063627435e+01
1.270129946883805729e+02
1.243987974465339477e+02
1.030396655552017080e+02
1.370979851369239952e+02
1.294280852741653121e+02
8.176510720627663886e+01
1.090748415031258673e+02
1.139395791328439316e+02
1.671095220930183984e+02
1.369629308031667563e+02
1.789690111309333247e+02
1.107045360036847939e+02
1.509751394687712605e+02
1.107665299350824313e+02
1.334953106046153266e+02
1.297109386836053488e+02
1.522437169754633999e+02
1.899378972780105528e+02
3.655743757075222788e+01
1.546485127021358039e+02
6.213014266481422965e+01
1.931905303833135576e+02
8.375121970491609602e+01
1.626995832020702721e+02
1.685016650940496845e+02
1.459807075425734126e+02
1.206324094834869811e+02
1.370843746844421958e+02
1.243690839674740829e+02
3.540872763554617819e+01
-1.653670884302820241e+02
1.416321375781852794e+02
8.445044619719465118e+01
9.525895879533482002e+01
1.692526915983927154e+02
-1.417470498433050352e+02
1.664803136421667489e+02
1.323763126969695634e+02
2.812518009510544061e+02
2.015616168065941167e+02
1.886206532371584785e+02
1.686825632626700440e+02
1.929978154314642325e+02
1.548372276043458271e+02
1.578242110411040926e+02
1.313367031019613478e+02
-1.046718721886856542e+02
1.302478721265246975e+02
1.336225856439527426e+01
1.267030881072374200e+02
1.472704093427745988e+02
5.232252436723952371e+01
9.659198693996358998e+01
1.367287280215524561e+02
5.632166955668422759e+01
1.033916983563521370e+02
1.255525790988716466e+02
1.475205141518394214e+02
1.710089708291569366e+02
9.177695040461280485e+01
8.036986329624212999e+01
3.675136519664879842e+01
9.551240332294634072e+01
8.912596896114240508e+01
2.563293263075651396e+01
1.636226436353680924e+02
-2.340154978018680652e+02
1.416310865342374541e+02
1.376076722112374284e+02
1.312272683393080399e+02
-1.896598416736987360e+02
4.383565536909087257e+01
1.010057999640892490e+02
1.822732444708673540e+02
1.421628305086133253e+02
1.406045035471958329e+02
1.572579677712123782e+02
4.122757615686978738e+01
1.576337736230904909e+02
2.265876389780564466e+02
1.606194292440171978e+02
1.386070694100813796e+02
-6.842691113830787231e+01
1.308787349296031550e+02
5.703316933491061036e+01
1.368440580840749305e+02
1.389959743655893760e+02
7.501469326430353135e+01
1.897494007737297466e+02
1.848315578264598003e+02
1.569015815373234659e+02
1.782982283790433939e+02
1.665682185200031142e+02
1.457141028180758724e+02
-2.245332284147783639e+02
1.842379353731428751e+02
1.087410136625640291e+02
1.396611489308314162e+02
8.542474532335612025e+01
-1.664059030565708781e+02
-2.112820811873690445e+02
1.065715030526036742e+02
1.324206947687140712e+02
1.403613148421603682e+02
1.618466724951239257e+02
1.388082214903297995e+02
1.898821028694466690e+02
1.443567260398833696e+02
1.511765127487424252e+02
1.602229178560095590e+02
1.732957383158827156e+02
1.361144284426605395e+02
1.667991637521436417e+02
1.531334412925327513e+02
3.243776669262288692e+00
1.557436096260651084e+02
1.118581331962974872e+02
9.221400140279408220e+01
-1.085883474268431712e+02
1.377342093543101385e+02
2.023038209431875032e+02
2.619505702728480401e+02
2.648670271281126816e+02
1.268959475370405983e+02
1.887117137794180906e+02
1.380622292805722680e+02
1.306600056934808265e+02
2.192648271260065087e+02
1.252177266758052383e+02
1.779986145414470116e+02
1.330425564307707305e+02
1.832848616224308671e+02
1.448960386022056639e+02
1.653908574952705521e+02
2.007589099832239299e+02
1.717592777894985261e+02
1.646737734110328404e+02
1.715053370582126036e+02
1.807716636549030795e+02
1.895019393581098655e+02
1.882108450501839343e+02
1.717963449463661334e+02
1.704288354274034702e+02
1.512243645443012952e+02
2.638677401209640152e+02
2.793429877534579759e+02
1.591067745960922366e+02
6.179151425878548309e+01
-3.358238054067604139e+01
-4.458518590121356340e+01
1.483564529721151359e+02
1.791556049290473993e+02
1.522236200609659420e+02
1.665642949834191882e+02
2.811901278765459438e+02
8.083670920550343908e+01
-9.686974796668809518e+01
1.234756515703789006e+02
2.601594732825707865e+02
2.857177887920862531e+02
1.562595882344706411e+02
5.930115055096948140e+00
1.166110648586977447e+02
1.315035612044464983e+02
1.651340581117354134e+01
2.694271747951173666e+02
1.383715346939462449e+02
2.659325977738352549e+02
2.835596386301262442e+02
-8.987199033332835540e+01
2.614205630127318045e+02
1.037198221754979528e+02
1.506387952691994201e+02
1.686472798443545855e+02
2.318383048146257579e+02
9.962227896842784958e+01
3.024090858757926981e+01
1.548676930818833455e+02
1.743509325880774838e+02
2.015869134698648395e+02
-9.045001091298031781e+01
2.883823880882140429e+02
2.753771911144437468e+02
1.676739030635112613e+02
1.461532174640912558e+02
2.001167125929765689e+02
1.784515817649726444e+02
2.822400986144740500e+02
1.937031804050741073e+02
2.593185305472825348e+02
7.100649712150703863e+01
1.979428192540444797e+02
2.407777823072152046e+02
1.378512824157483863e+02
9.525219640085646233e+01
1.222466055435117340e+02
2.894452827690777212e+02
1.256010330733933102e+02
2.092075425150505623e+02
1.640870307593744997e+02
1.436891431317054924e+02
2.970081776290588778e+02
1.304108253651229745e+02
2.791174203623310177e+02
2.687995390370633686e+02
2.783184398207633876e+02
1.851688796692911296e+02
2.566134084207751584e+02
1.198048740956641609e+02
1.304510961679677337e+02
1.592485021747491487e+02
2.748091444306257358e+02
1.036497148720385582e+02
2.905362534057047696e+01
2.822607559866789870e+02
1.432549209702407325e+02
1.299209578128084104e+02
1.412037778050560064e+02
2.809939996563892919e+02
2.673987626181121300e+02
2.771075825510918094e+02
2.758701225777844002e+02
2.786121544852746865e+02
-1.811571914630701770e+02
9.751353910753827847e+01
1.250739353414629988e+02
1.690846442402907428e+02
1.134643704058176752e+02
1.644704444142573720e+02
3.613588604893345746e+01
2.800919695450025415e+02
4.047310804435173281e+01
1.059685812042965551e+02
2.545875494381792521e+02
1.180415462352870009e+02
1.922238829773438340e+02
-2.445542328515566055e+01
1.990578744474359780e+02
2.679025253711054120e+02
2.606673011516353995e+02
1.786458273067474067e+02
1.200340420387003775e+02
1.796408899449964736e+02
2.464405521416261138e+02
2.720873102041590528e+02
2.560847710626057960e+02
2.813433545451023292e+02
1.858731397494368593e+02
2.322714087089925101e+02
2.537806457861389902e+02
1.598257761604502889e+02
1.634995956855142651e+02
2.491014667728749146e+02
2.736992857155067895e+02
1.410705081769938829e+02
2.873180115044811487e+02
9.525456163631996276e+01
1.702994519363333268e+02
2.710979265911669813e+02
3.010983582995925758e+02
9.144300116949791857e+01
2.608105835981558585e+02
8.332810910292477047e+01
2.537320068146074163e+02
2.540711887548735604e+02
1.563866817051673479e+02
2.508452571410212215e+02
2.431632907746671037e+02
2.524137756586287651e+02
2.908101885395639670e+02
3.640478748507567275e+01
2.810439069962829421e+02
3.084952626083176597e+01
1.812161284828193857e+02
7.599366428110663207e+01
2.685603470242714366e+02
1.276451038252236287e+02
2.887109101517177692e+02
1.518384242413568188e+02
2.559053674062118660e+02
2.582952301344058696e+02
1.366082946936912208e+02
2.569232326679994003e+02
1.183154556992037669e+02
2.657685060354658901e+01
2.953202806774792180e+02
1.355466424500777691e+02
2.936432125661648911e+02
1.930477302779540878e+02
