-3.447221947330943976e+02
-1.767156897294650548e+02
-3.579288073751881711e+02
2.133212068524318283e+01
-4.430160867814619792e+02
-1.968111108475839615e+02
-4.721530946465591114e+02
-3.688372141163975471e+02
-2.431462316221905837e+02
-3.112985097411142874e+02
-1.740511500048688163e+02
-3.589185028440810470e+02
-4.341932781468393614e+02
-1.085472952760554080e+02
-6.692800705606434519e+01
-3.304801342216906050e+02
-5.117198554407963798e+02
-2.376940745828723891e+02
-1.631052106077795543e+02
-3.266427828122274377e+02
-1.392353145295007266e+02
-3.057063359717628259e+02
-6.451245084705028887e+01
-6.844790631990483121e+01
-1.144912439249009992e+02
-2.277949448493262707e+02
-3.052340532959710799e+02
-3.668258674210916581e+01
-4.690154957252121903e+02
-3.373952415711781896e+02
-2.992152985175074491e+02
-3.084978935013504042e+02
-1.204305164323627650e+02
-5.128899860934168373e+02
-2.551210435639465857e+02
-3.617682692080109632e+02
-4.144229549221398088e+02
-1.039197475764663068e+02
-3.037394872409286677e+02
-1.994786762292211506e+02
-2.077462266821259504e+02
-1.946522747231362587e+02
-3.701261951608893810e+02
-5.069429774801088939e+01
-2.897671187773609063e+02
-1.072892452816710716e+02
-6.817133670466867557e+01
-2.685069572413713672e+02
-3.101829054049851493e+02
-2.805606748114572611e+02
-3.383767484587800709e+02
-5.642737896067073677e+01
-5.095158011119450947e+01
1.126768931343484894e+02
-2.775111669721598062e+01
-1.370278439562580957e+02
-1.122998105960503494e+02
-1.401816588760286209e+01
-2.368898738412646878e+02
1.259611559203455045e+01
-9.110905018161126634e+01
7.076106984944678402e+01
4.797309167129209584e+01
1.446063203461979469e+02
-1.663947492102270758e+02
9.280498044244355427e+00
-1.144022756455453589e+02
-5.302100815115392152e+01
1.367719692168679835e+01
-1.746943590324558571e+01
7.331385838854276926e+01
1.634555073551150599e+02
8.567825823793741336e+01
4.393716716026941072e+01
3.290900644219131266e+01
3.714018083764911182e+01
-4.627198308740773314e+01
-1.148852203923222817e+02
-9.783259948841310916e+01
-4.921686397527989243e+01
9.405235916451921696e+01
6.876480456561122878e+01
-1.519294150559854018e+02
2.998931370933293294e+01
-6.926501233763802645e+01
7.053285615282500487e+01
5.189990890504619614e+01
2.364097368614456940e+01
1.103093667823700486e+02
1.029572176742385352e+02
7.134319649343406411e+01
-1.301648740674757221e+01
3.443937433549368166e+01
-7.696403372305539392e+01
4.618867650112012768e+01
1.327758677963000196e+02
1.057177031224008061e+02
-1.258444062075546555e+02
-9.789070871196474855e+01
6.113781491924139289e+01
1.051181607546685512e+02
-2.741193326423436361e+01
1.740595282134382273e+02
1.372566784821134434e+02
-4.269663065246228939e+01
6.462553577262444549e+01
-7.286799092564359626e+01
1.027398986036102428e+02
7.988133860123181762e+01
6.663282237375179307e+01
-1.019287650885561014e+01
-1.133762275711096805e+02
6.674624309011878154e+01
6.241817030596178029e+01
2.529087472560293293e+01
-1.739425188045466371e+02
3.528205468146123280e+01
7.571547394888311544e+01
4.543134938372443798e+01
7.892994141689645460e+01
1.189544253828766784e+02
1.494539824572673581e+01
-1.553022690376070045e+02
-7.386789576067140217e+01
7.307697488213901238e+01
8.908677695019592591e+01
-1.627519871541366570e+02
1.214230025731074676e+02
5.647816509851608657e+00
-8.666371392868840928e+01
7.367645541689252298e+01
7.972480746087238401e+01
1.157475027740873657e+02
1.113694401786786869e+02
1.142102235488986821e+02
1.279132534450111365e+02
-2.296166004171296038e+01
6.898941271848475765e+01
-1.347498060996997822e+02
1.268898967118240790e+02
1.099388330660109574e+02
4.966936280083164945e+01
1.413688350436053724e+02
1.143470009405303500e+02
6.205413316901454834e+01
-1.139299613669232230e+02
9.926793048530727503e+01
1.712761755371281254e+02
1.155604279346638066e+02
1.619174139335599136e+02
7.575180349067446173e+01
1.145722613680775908e+02
6.649846267517652620e+01
1.285842178027801026e+02
1.299753365292768876e+02
-1.558206645427908654e+01
1.182661178439406342e+02
1.220798306346738968e+02
1.229936939235047078e+02
1.816791837106423202e+02
-7.863812611640381078e+01
1.179173573966491659e+02
1.214457741262205417e+02
1.412748221239532427e+02
1.203766778003934519e+02
1.518668734879536260e+02
1.211419568700869718e+02
1.622075991435967524e+02
1.210477286009629694e+02
1.689887738781304733e+02
-1.407869589945636619e+02
1.274318670339136048e+02
9.816704686101239474e+01
1.970339664625740284e+02
9.240654192682175960e+01
1.174176099022894135e+02
1.185721643639977003e+02
1.673430135630281654e+02
5.975193370000539517e+01
1.691150721888248540e+02
1.761011495512064187e+02
1.352259434769270001e+02
1.581063119800649872e+02
1.663909962858438121e+02
2.156106974241947398e+02
1.148708635747362052e+02
1.562756833462654527e+02
1.692380635943193283e+02
1.701028745396948239e+02
1.498360616564030465e+02
7.502046241971824259e+01
1.045455839002679852e+02
1.501350842025610746e+02
3.592097993514856569e+01
1.494217330239787884e+02
1.433109269776741144e+02
1.712110692331694395e+02
1.857191040513856137e+02
1.189917704919247541e+02
1.480344135704300754e+02
1.328982230157930644e+02
1.460885064785826444e+02
1.957978880999689864e+02
-2.398234406478673009e+01
1.542427982144444059e+02
1.445343589739257766e+02
1.053513291765652582e+02
1.321419294624078873e+02
1.275805444025207152e+02
1.273195946336986424e+02
1.551512017237441512e+02
1.526344427280230605e+02
1.307246683946328005e+02
1.609899282157932419e+02
1.205027264280884367e+02
1.123705684410155499e+02
1.622020908461336433e+02
1.025985104162597708e+02
1.366462836511793455e+02
1.225980208745361892e+02
1.300675538045295525e+02
2.039680849618816580e+02
1.376692645195979310e+02
1.482219237425606480e+02
1.075942553316095598e+02
1.397231719905339560e+02
1.053060164354279777e+02
1.515795061630964540e+02
1.201240102418239530e+02
1.055363880212168795e+02
1.204198256428523877e+02
1.652940785694433714e+02
1.223909766530704104e+02
1.276680456269404402e+02
8.132173974496208757e+01
1.398586823401403478e+02
4.669968138271617875e+01
1.250548599787945960e+02
1.225348083915297082e+02
-3.193429112005439663e+01
1.391971044118644443e+02
1.167085509621631587e+02
1.369957581571946719e+02
1.878640590643079804e+02
1.314611800334959923e+02
1.621517336716468094e+02
1.025272995644135392e+02
-1.764530742346039460e+00
1.436902737247662003e+02
1.528830998007785809e+02
9.354852852777310090e+01
1.994602152319143897e+02
8.916306182450755102e+01
1.243523691601576360e+02
1.391676667354198855e+02
1.543073216996605765e+02
1.485527929987476341e+02
1.616037922741068087e+02
3.793445929487796775e+01
1.034910205296970531e+02
1.176288322259076295e+02
1.190583008375956950e+02
9.042317336499996827e+01
1.895310665638946830e+02
1.765049214463907390e+02
1.110434570140100732e+02
1.060439536662869529e+02
1.133779193959539668e+02
1.865375744556012876e+02
-1.117665542965653458e+01
8.872917324624768298e+01
1.426667027038805031e+02
1.556090225535267280e+02
1.155487800789837820e+02
1.494422193418666893e+02
1.433899714300430333e+02
1.879086896498711781e+02
2.551597103766891905e+02
1.282085529497825007e+02
9.013530733554530627e+01
-1.355879436095565325e+02
-5.300146657666404337e+01
1.606166971991873140e+02
1.541970601015966906e+02
1.552302267303894325e+02
1.190871417298279624e+02
1.805480494596298797e+02
8.831049081870898476e+01
1.696683374216867719e+02
1.711899610759669486e+02
2.725248522770859267e+02
-3.069565272363742281e+01
2.624537220686918317e+02
1.280493307952094142e+02
1.207203306253961159e+02
1.163016575624415339e+02
1.809842082516666721e+02
2.434640608509259607e+01
1.558825158330333238e+01
1.753616325844289463e+02
1.889493710932962358e+02
3.714388058908565426e+01
1.547696461779423771e+02
1.698010187810209004e+02
8.195906318717285899e+01
1.329156265822781791e+02
1.136096323644553650e+02
1.652399229966155474e+02
1.904491389026267996e+02
1.332907608582055445e+02
1.516108036742035097e+02
4.246325204746233339e+01
1.074257848471267494e+02
2.774022825917046475e+02
1.263480707895206621e+02
9.534167474375816198e+01
1.771694020010025099e+02
1.110580254223971224e+02
1.600166059461435850e+02
1.396133704940056077e+02
1.810108992830255943e+02
1.604631119531486263e+02
1.373356134957626864e+02
1.394882363252638697e+02
1.265039869024270018e+02
1.185771547805885007e+02
7.566994518682786008e+01
5.788673495123070722e+01
1.283624223311867922e+02
1.078211538430180383e+02
1.468683195027132626e+02
2.590640753859099163e+02
1.383168140012271579e+02
1.305830476422636934e+02
1.379842015026821684e+02
1.564961334872068051e+02
9.151441031483086874e+01
1.886029500483300012e+02
-4.449128070560487913e+01
1.133154038273431752e+02
7.901316443004304801e+01
2.609636633543593121e+02
-2.454303735922287046e+02
1.165810798498792025e+02
1.135023785926228186e+02
5.470111589270963748e+01
-1.096419641471339617e+02
1.447156102647109321e+02
7.309110777927898539e+00
1.630526108293617256e+02
1.134635623261717257e+02
-6.771879467157693000e+01
2.667406625654257368e+02
1.224175375637285157e+02
1.454706650070171463e+02
1.625897155517790509e+02
1.130396172456989774e+02
1.688294708890313700e+02
1.408516488605446852e+02
1.699577264731240973e+02
1.241247474601832437e+02
1.387905707913847095e+02
1.476281549495064951e+02
1.122508543019770997e+02
9.615304504224819482e+01
1.500640846209569759e+02
1.731371291561627004e+02
1.359302677339917409e+02
2.422212385555039589e+02
2.400675599603051182e+02
2.969690359079997393e+02
2.141179462575051673e+01
1.031300703017998188e+02
1.734337520949704583e+02
1.192398620140061496e+02
9.367137399424056809e+01
1.065316592524208090e+02
1.028117495259501055e+02
1.250753829718653094e+02
7.106994326379017934e+01
1.622089915213348377e+02
-8.162582689331999575e+01
2.324674522726247119e+02
1.386469741331259513e+02
2.425620365511952627e+02
1.113112962770074148e+02
1.827778400485269117e+02
-1.727078030555233568e+00
8.358717192100264981e+01
1.580580084506025571e+02
1.508866712427030166e+02
2.724388561554206944e+02
2.583821147585828726e+02
1.541342987474507709e+02
2.530029926194717120e+02
2.481484340489779470e+02
1.061129577052802802e+02
2.809381382772999132e+02
2.662103654303685403e+02
1.684835581317348385e+02
7.577690018678072015e+00
1.334637638667217061e+02
1.592547219240695426e+02
2.074254950835638738e+02
1.327773541437842937e+02
1.083839435042100376e+02
1.322095018779795623e+02
9.917213718238600961e+01
4.741166680407323497e+01
2.688097163326931422e+02
2.747765306926451103e+02
6.218171411221503320e+01
1.401279834254711147e+02
1.278284076195575949e+02
1.000225860154863256e+02
2.517976442597482105e+02
2.085955927326627943e+02
1.547174331959751896e+02
2.476971765244209109e+02
2.884136057542115168e+02
2.555162084459064715e+02
2.460138219288718631e+02
8.270437619183965694e+01
1.539731460090872872e+02
1.758542481559179294e+02
1.504215483663116402e+02
1.781893102247123579e+02
9.826333994587400866e+00
1.393282837740600542e+02
2.380669641913381724e+02
1.855847600339798191e+02
1.514875727720908856e+02
2.588892954535022000e+02
1.366981855119175577e+02
1.679023610162768989e+02
8.751194327444403598e+01
1.493201162946198508e+02
2.443532247657312269e+02
1.657348344018176078e+01
1.450544751581178957e+02
1.483422099547841526e+02
2.528658178291336753e+02
1.910370338820538336e+02
2.733990030886112663e+02
1.201252041403987221e+02
2.767425753336653997e+02
9.524954354801883483e+01
2.992465572997828076e+02
1.076206718878190003e+02
-2.612023980795348166e+01
2.981393678619642742e+02
1.043462126856973242e+02
1.764226427944501552e+02
6.629039366236466435e+01
1.110128325493306676e+02
2.440008171086293487e+02
2.616540217693476507e+02
-1.432915641063127055e+02
1.444131889013669934e+02
8.044231954198662038e+01
1.355096507519786542e+02
-2.310443691749838990e+00
2.934278352740200262e+02
1.485999205400315475e+02
2.845599241808378110e+02
2.046559535344151470e+01
1.779427983915483651e+02
8.566927528776071199e+01
1.429750329217315254e+02
2.697163944691671986e+02
1.657178502973469563e+02
8.978804613407760371e+01
1.645951478602001998e+02
2.721734027852082818e+02
-2.412092769620845161e+02
2.529969279710462615e+02
1.686594630638067542e+02
2.689643351453247533e+02
2.335966903067825058e+02
1.669478319760318072e+02
2.797064659297358276e+02
1.313445523932294918e+02
1.089568736994230704e+02
-1.377594924378929022e+02
2.349880969579593852e+02
2.527019209261390245e+02
1.512941267833717518e+02
2.246116183323512701e+02
2.896474227932478698e+02
2.869599858723579473e+02
2.724896790185912323e+02
2.507676684964768015e+02
3.031967058781754076e+02
2.568656928522686371e+02
2.753691833521112358e+02
2.209919626733521909e+02
9.913309606321269030e+01
2.644162438988993813e+02
2.727355474524853776e+02
2.330356917751122410e+02
