-1.585342446670466643e+02
-1.221647896262582549e+02
-1.152869346206818193e+02
-3.775375736577166208e+02
-1.112533951326521446e+02
-1.417888676951513105e+02
-1.989134740221944639e+02
-1.371800052397226750e+02
-3.402476161428127170e+02
-1.389147928923522386e+02
-8.021283697631439225e+01
-2.118271731213795874e+02
-2.746961099902499654e+02
-1.008455098183997620e+02
-1.288196257612278544e+02
-9.362692502405919015e+01
-4.331742648671257712e+02
-1.369010627144138539e+02
-2.535777114530935705e+02
-7.660435152090984445e+01
2.508589108892984143e+01
-1.376203472173696980e+02
-8.374670222502633976e+01
-1.130742114189611698e+02
-5.872729275603933274e+02
-1.146516360545478790e+02
-8.230989010338782919e+01
-6.382460752874429488e+01
-1.609647889293710250e+02
-9.738938732439937951e+01
-1.061339248414504794e+02
-1.047170542484091129e+02
-2.021302700715739036e+02
-1.014065578211064178e+02
-1.863991648991661805e+02
-7.790237764497385342e+01
-1.164200934174050559e+02
-2.907713976950874439e+02
-1.206898045869239695e+02
-7.668342884607972110e+01
-3.368047555938888991e+02
-3.744746150799348072e+01
-1.445505440032238766e+02
-8.821721680860326842e+01
1.286648890912345564e+02
-1.064092096520852664e+02
-1.946090819260965645e+02
-9.080853897665090813e+01
-2.765757177040413808e+02
-2.740810189099967431e+01
-9.339262933178062553e+01
-2.280204329112798121e+02
-1.512894069765188760e+02
-8.423828915423347041e+01
-1.816179271976780001e+02
-7.214320356371339926e+01
-3.268733714992662271e+02
-1.076778412772768121e+02
-1.108770025269843131e+02
-9.290880580091165086e+01
-1.539679365623606202e+02
-2.647967735104327858e+01
-1.140506723561950508e+02
-5.482634267928003169e+01
-7.328663712957205689e+01
-4.149149869692320181e+01
-1.833672620040010770e+02
-1.476567873940309710e+02
-6.398625072461507557e+01
-1.800203333676503803e+02
-2.827770220476253371e+00
-1.843376744702395911e+02
-6.222128389247072988e+01
-6.486293061549238814e+01
-2.890719797528901154e+02
-6.681495148683288221e+01
-4.746742267241057789e+01
-6.448304647884346252e+01
-7.857097642165409468e+01
-8.897896051707353138e+01
-2.433431171510574700e+02
-4.112183073128592525e+01
-1.100942304894746115e+02
-1.607075886947452545e+02
-6.310537571188407924e+01
-3.040213588643780440e+00
-8.229324392270021349e+01
-5.239797698648639823e+01
-4.648260458121706762e+01
-4.785280459670696018e+01
-1.096212293942939908e+02
-1.629142731785719320e+02
-4.798253783040004805e+01
-7.210785138795056071e+01
-1.378494612626140565e+02
-7.497026121331467152e+01
-8.988051817374793018e+01
-3.944861300188985354e+01
-1.424416432061515536e+01
-1.015700269589183335e+01
-9.571354867109151598e+01
-5.176329596109602704e+01
-4.486198568176382651e+01
-1.132953108471797208e+02
-9.660690690832964833e+00
-5.216883764770237519e+01
-5.644539914718784246e+01
-5.668392121538157369e+01
-8.751419539016384874e+01
-6.875005816964903715e+01
-1.554837934068598884e+02
-5.405286133981898899e+01
-7.022067510725210582e+01
-1.811413284547543867e+01
-4.375567208608389791e+01
-4.967023759165212482e+01
-1.162868132536929551e+02
-1.114464312950608615e+02
-8.354081335485022919e+01
-4.861356825125017878e+01
-5.080545208429280990e+01
-7.643099235111861844e+01
-1.350512209898383276e+00
3.856619935599837845e+00
-6.618125763414751361e+01
-2.684710750068440177e+01
-2.342150233594927045e+01
-7.193670808593822130e+00
-2.940700825431385113e+01
-9.341441187746937658e+00
4.302614785842592937e+00
-6.293939243440067344e+01
1.343259167465087387e+02
-4.749290127694365538e+00
3.690370824885434331e+01
-2.952225195199601160e+01
1.951283349582039648e+02
2.101654781381010650e+01
-8.263576431104218045e+01
-1.200675964254910326e+02
1.515749655633464670e+02
1.145989303410223670e+01
9.146345842937563475e+00
1.460709064580076699e+01
-4.577384472592227382e+01
5.889277843775573729e+00
1.388958725881681744e+01
6.721814322931611230e+01
1.100235042376816921e+02
-4.015286532670624808e+01
-7.458040328429547117e+01
2.838828119045791709e+01
3.319399517238900899e+01
-4.170842753274197889e+01
2.565998155348960097e+01
8.357450952460652616e+00
1.168035633792958095e+01
-2.682948306617198853e+01
-3.069521350319118369e+01
1.340674694787100236e+02
1.558177041867556341e+02
7.355213627980469937e+01
-7.813921831765759407e+01
1.537508985269029722e+02
-9.921934846666289332e+00
-7.057103003281221731e+01
1.219278696870050283e+01
1.067238616718478426e+02
1.353240306768286985e+02
1.525339112822740901e+02
-7.881264564776039094e+01
-7.358597700488161308e+00
1.206167733458882481e+02
1.514930908174458182e+02
-2.339968295216863226e+00
1.854323382976623691e+02
-2.946395349785998974e+01
-6.287546581812335944e+00
6.983175758814449807e+01
-5.825306004617031874e+01
7.579141597759040394e+01
1.307737898573247719e+02
9.122915001233835142e+00
-7.592700059725984829e+00
1.466640312515183098e+02
1.393210116780850569e+02
4.910522605357681414e+01
-1.467002266820045975e+01
6.873955580835229284e+00
2.624480507363927018e+00
-7.030265697263891411e+01
-2.590270246754603534e+01
-4.225954019385400784e+01
1.116532454037485422e+02
-6.290886280386827423e+01
1.570141941081873256e+02
-9.772076589165403959e+01
1.084724859402179220e+02
-2.498053099325625226e+01
-1.021094713693121037e+02
1.943242119313633509e+01
-3.798679662041108429e+01
-3.799117509619868827e+01
1.393276846188803404e+02
1.135767342196598406e+02
-1.615266391407848232e+02
-1.175662223945117546e+01
-1.199329366396628131e+02
2.577344539865238460e+01
1.405877464687754070e+02
1.842903766480758634e+02
4.077658224783712626e+01
1.280506657900817231e+02
6.763856624987444377e+01
-1.683681750090062224e+02
-2.066385790640102016e+02
1.496690403005504493e+02
4.893546563186946230e+01
-8.915708573043866636e+01
1.948034693336032603e+02
1.850914798562695296e+02
-1.966748235649752132e+02
-4.883372878393418404e+01
6.877704364468769427e+00
1.424116050131787006e+02
1.587075477362437539e+02
-1.558562039654308364e+02
3.522861762993491652e+01
-1.567653360773868769e+02
-1.457363931900023601e+01
-1.743608284950555287e+01
1.417940736038773366e+02
1.744806354906412196e+02
-1.465440240333297766e+02
1.315128840716899390e+02
2.089323961350385161e+01
1.222570366829500301e+02
1.541167068099809114e+02
1.597807628126024326e+02
-1.784732198455634489e+01
8.865365363583919134e-01
1.533232348714427644e+02
-7.922116379268615560e+00
6.579371657381329896e+00
3.119646816240291969e+02
2.046860826275505474e+00
1.220976182268901056e+02
1.399168237477058199e+02
-4.209451183506232042e+01
-6.358640933331978573e+01
1.024988025887147955e+02
1.412037340963001100e+02
2.198581074035667768e+02
1.054133237882719243e+02
1.519697503235054796e+02
1.324846992260627019e+02
1.273774451671805252e+02
-7.767227476166254974e+00
1.701018443749359506e+02
1.728351742473237493e+02
-2.030752842293928779e+02
1.586031980916260693e+02
2.030235411392513640e+02
1.816811231700413884e+02
4.092790223607522648e+00
3.834221533214559940e+00
-3.250643420566392194e+01
1.334824924496482765e+02
1.376421751840440493e+02
-1.258687910145292221e+01
1.599094214808896197e+02
1.525488171408099163e+02
-5.463741765931759176e+01
1.652511822128363406e+01
2.255475328676233744e+02
-5.919033014712148599e+01
1.466324681400076031e+02
1.571987092419803389e+02
8.095749599531258411e+01
1.452295249436345728e+02
1.359169438155495584e+02
-6.128647449220099475e+01
2.071242206165572668e+02
1.445227008973118927e+02
2.777578008226251427e+01
2.095538427870445446e+02
1.444435249346256001e+02
6.997948435617882978e+01
7.616300927111723240e+00
9.935089377126807619e+01
3.866918773940031429e+01
2.787950158263970479e+01
-7.014667511233042774e+01
1.272696068204188009e+02
-1.242841311926522678e+02
1.704206068059784229e+02
2.202204356282687741e+02
1.241283017523475536e+02
2.047881223248433855e+02
1.619651615237043814e+02
1.255993359194899881e+02
2.641151948248365500e+01
1.091536044999011636e+02
1.734213647691910865e+02
9.956118100522709824e+01
1.168948017134049877e+02
1.334922588713093319e+02
9.211747432831914750e+01
2.395349477959791216e+02
-1.399498770036272788e+01
1.548700582869795994e+02
1.432237010773994257e+02
1.565793236177742074e+02
4.844222608297231147e+01
2.231123708226009512e+02
1.896227917027175636e+01
1.657222326170257247e+02
1.689455488024509862e+02
8.647383937870947079e+01
1.496230682546371895e+02
2.781288703242868721e+01
1.885816207874837005e+02
1.614743816722662189e+02
7.285790173243194090e+01
1.621583633738798369e+02
1.479962735940534913e+02
1.014009510476611240e+02
9.467427223283925741e+01
-9.009896962736445403e+01
1.083370995997237856e+02
1.743430257414390212e+02
-2.559454784755068601e+01
-2.029853518386428846e+02
1.178996044864149439e+02
-1.307264904518916637e+01
2.118827300912429905e+02
8.853437941306144410e+01
-7.105492878432195880e+01
2.077826679307954123e+02
1.791405712420416023e+02
2.460771619523424079e+02
-1.364341758856022579e+01
9.523726487356115911e+01
-7.818752904009699023e+00
1.075711579411552208e+02
1.570453831529438560e+02
1.193485040006935662e+02
-1.844715301214146166e+02
2.498194995344297524e+02
1.589430612716024598e+02
1.334459616066652075e+02
8.299086220866847441e+01
1.211709552319448164e+02
1.376228774274171940e+02
1.582772198565451731e+02
2.236087459071847832e+02
2.041944391728230528e+02
1.111575113687656824e+02
1.627555680038701098e+02
1.442278663480059038e+02
1.910491407887597006e+02
8.489582346693129011e+01
1.518464268343471701e+02
4.361004561643352417e+01
1.494915302048405863e+02
3.577498236128210607e+01
7.787200957231118537e+01
8.741123388720775722e+01
6.768507384678234473e+01
2.726401356991536886e+02
2.730923962072871518e+02
1.792394531833340920e+02
2.405691064105036503e+02
1.587126488401813731e+02
1.806856719542553833e+02
1.277706187553104655e+02
2.922855771313919035e+02
1.485622969826128781e+02
2.302465350038017675e+02
2.131126005634662306e+02
1.415245669545349188e+02
-1.044445425234055307e+02
1.272381435818879964e+02
2.650734758392823096e+02
9.296181785118588436e+01
1.360332608357440733e+02
2.046489984429105391e+02
1.018504455038943712e+00
1.417825610856886271e+02
1.571759024129522118e+02
1.044147947454516583e+02
9.547062233149628696e+01
2.336839232150961152e+02
2.198409124278061597e+02
1.437170684112162462e+02
2.739433754106632932e+02
1.485086329794712583e+02
1.276621832992100849e+02
1.327023527513367469e+02
2.527889471836111284e+02
1.326257520587912211e+02
2.438986622451458857e+02
2.508632103560932762e+02
1.165662211201017300e+02
2.583839745870519664e+02
1.330564774090686342e+02
1.651273291160622705e+02
2.355991360490039881e+02
1.119438519169949302e+02
2.135496875675147805e+02
1.387569432515959136e+02
2.102860438557974021e+02
1.680104337133619197e+02
1.175908982752293497e+02
1.486579735376087683e+02
1.454242374619734619e+02
2.095614038389430505e+02
2.692377536898806056e+02
1.116511391137947982e+02
1.735053086518332464e+02
2.559654235979885186e+02
2.803123686243926613e+02
-1.306392012672248626e+01
2.607652057438504016e+02
1.182619147891368669e+02
2.002190435562332027e+02
2.604372435515975894e+02
2.598277069710920273e+02
2.602665063040132054e+02
2.417324315018935010e+02
2.473582870099867819e+02
2.135385609069789155e+02
2.828753902097314494e+02
3.099425322395831017e+02
1.269390262795521096e+02
2.745547198298588683e+02
2.506464650470616675e+02
2.672540311076903663e+02
1.394897789899083307e+02
2.500014330306061368e+02
1.707134867223466017e+02
2.415059788807944301e+02
3.000156872707280513e+02
3.412458424885033281e+01
2.275439210054166495e+02
1.821914754260235725e+02
1.388030872616792237e+02
2.499968358611467067e+02
2.065294644375439361e+02
2.396406093469809946e+02
1.506209684434952862e+02
1.427541281243662752e+02
1.299294419066451951e+02
2.553615448509016801e+02
2.070743135948202394e+02
2.421147248287320792e+02
2.584878988373642414e+02
2.418137499993640347e+02
2.339756304298444718e+02
2.168510192822939189e+02
2.448163190234471074e+02
2.301998837201068397e+02
2.434082150472936235e+02
1.576150043452944374e+02
2.461162008627712794e+02
1.176810183971350483e+02
2.657678636194286810e+02
2.722237898224416313e+02
8.876080132504409903e+01
3.822291525844784843e+01
2.174427364951857271e+02
2.346654939375942490e+02
2.211720064019871756e+02
2.304479316522498777e+02
2.344748678900604943e+02
1.398526274303048922e+02
2.399399910145592116e+02
1.861733979224886184e+02
1.169527343434425575e+02
1.589084113975387140e+02
5.021928226323444377e+00
1.194931077221024509e+02
2.762172643733186987e+02
1.499829551343614753e+02
2.249352971860360810e+02
9.903722295392392994e+01
2.777426247950137395e+02
2.349552802794879653e+02
2.554197634540439026e+02
2.292135544645909988e+02
2.645294102354187658e+02
2.967854539705435855e+02
2.505333807446687047e+02
6.034743570958950443e+01
1.250264834745481863e+02
1.009000100483903140e+02
2.160820727879867036e+02
2.987177191482845728e+02
2.097068198208919227e+02
2.635758708772788168e+02
