-1.664305108308432750e+02
-4.125402738970965970e+02
-1.925702549349378501e+02
-3.110490078834324095e+02
-2.547337954982564270e+02
-3.991443588666554660e+02
-5.677043351950929946e+02
-2.588769774725869866e+02
-9.650959940861963560e+01
-2.189040491522716252e+02
-9.731909448291958142e+01
-1.667276042894596344e+02
-1.072039095955055359e+02
-3.615070607875131259e+02
-1.011503917791498424e+02
-1.534928408434842027e+02
-2.674382627547001903e+02
-7.010646239387006062e+01
-2.831448890437756063e+02
-6.727462481250481119e+01
-9.379821599178099234e+01
-1.718485454879307781e+02
-9.090566264408845143e+01
-2.694764606986234980e+02
-1.714968920265926897e+02
-1.844759886120079386e+02
-2.515129999478504033e+02
-7.844304442567354840e+01
-1.414680122299835716e+02
-2.767558509259238519e+01
-4.235301528786669110e+02
-1.053193127358715770e+02
-6.173132760433235688e+01
-2.320324528130822159e+02
-9.629655948761552509e+01
-5.314477792944641266e+01
-2.022384166436191322e+02
-1.225372322243047734e+02
-1.624055721887742720e+02
-9.805776193873710156e+01
9.372786568936078311e+00
-8.927800143566111046e+01
-1.665169108630054211e+02
-1.326782872262387514e+02
-3.556943370185241520e+02
-6.392011120456071183e+01
-6.374497098664330963e+01
-1.558162535927171461e+02
-7.345612906490109140e+01
-1.675519503566015374e+02
-2.456886383611625320e+02
-2.634619616833800819e+02
-1.590500441772148292e+02
-9.555941099170937036e+01
-1.562299462467921671e+02
-2.947669157545369956e+01
-7.845745723864641263e+01
-1.437564106321619306e+02
-1.120641144549673811e+02
-3.429107154330201013e+01
-3.931654797763279419e+01
-1.201216395834509711e+02
-1.248984102558237765e+02
1.482440848037645935e+02
-4.122532419134510207e+01
-3.357653662235733805e+00
-3.536906820132336406e+02
-2.347784640141666159e+02
-7.216057892910082217e+01
-5.810148470355919414e+01
-9.704822883196385419e+01
-2.761895192284475797e+02
-1.183528829038985464e+02
-8.206639575702016032e+01
-4.747696425491217553e+01
-1.485537785616430710e+02
-1.166011668628680127e+02
-5.694315008353197527e+01
-3.133994346784677987e+01
-6.339137224409589066e+01
-4.838853539296422213e+01
-1.135807921818035737e+02
-1.277458030080999833e+02
-2.068444768514677889e+01
-2.112749692323652084e+01
-5.748129780236969566e+01
-1.168920503474765695e+02
-1.214691448719495241e+02
-6.461806866515232173e+01
-1.054206160629413915e+02
-3.167794916974035004e+02
-1.257953907816613537e+00
-5.487036613988625078e+01
-7.804610891861295840e+01
-8.984683752539690715e+01
-1.074686997770645860e+02
8.030435433585552119e+00
-7.825881535262220723e+01
-1.020653703276596644e+02
-1.565632579453820199e+02
-2.499706147195287542e+01
-5.883433420161843941e+01
-6.186358255410256390e+01
-6.746918960123764464e+01
-2.784206698220731369e+01
-1.026549964756354711e+02
-4.102836784792154390e+01
-6.577147379295055885e+01
-8.289327125353760550e+01
-7.120612216556354213e+01
-3.548620618454465614e+01
-8.581666441922237709e+01
-1.379921428765475753e+02
-5.572291096775641250e+01
-3.929205611756738392e+01
-8.086402833455821337e-01
-3.357105199931766037e+00
-4.856386853990434815e+01
-5.656942363009005703e+01
3.646288915528327834e+01
-3.259620623387554872e+01
-8.407735625441993932e+01
-5.610987622970419864e+01
-5.366019046542379556e+01
4.731499237276111103e+00
3.999916098295543065e+01
-8.080941455093940817e+01
1.044322938493766628e+01
-5.786603958544451132e+01
-3.022933130607219709e+01
-7.526234926202405973e+01
-5.856468533771042928e+01
1.253593265227088267e+02
2.002868759618679917e+01
-4.256280811517795826e+01
-2.692518263255843181e+01
1.613641770015193231e+02
2.858250212593586070e+01
-8.702643316508599014e+00
-1.730671194811975511e+00
-3.123127609818374140e+01
2.495433427744998767e+01
-2.387119621648096768e+01
-3.647938457451515148e+01
1.167594710864125318e+02
4.054370165725447350e+01
-6.171189493301582729e+00
-7.737195990073928442e+01
5.427137993858835330e+00
3.288206219137342146e+01
-3.659141257797473656e+01
1.264193996482643456e+01
-1.186044102645635689e+02
1.266957772647997587e+02
-1.295335842767200063e+01
-1.544010596838235472e+01
1.366295304213920474e+02
-3.026588692957921012e+01
1.852562665094265526e+01
1.322627271776430575e+02
1.372912669922275199e+02
-7.756046003771999153e+00
-1.779300656256491209e+01
-1.014332643149718649e+01
-1.485037145952521200e+02
-1.632512602355032527e+01
1.084013423697339249e+02
-2.892173282873696394e+01
-2.555458559075702851e+00
1.125718953240789233e+01
1.451752346334937727e+02
7.229687105639324329e+01
2.431661902274129261e-01
-1.576207477716967560e+02
-3.910187999391875735e+01
6.084878340329285606e+01
3.240438011290012810e+01
-5.099473003327906895e+01
1.442120118799078341e+02
-3.892976813574087203e+01
1.460243330977819198e+02
-1.849145692242456107e+01
1.741880230367568458e+02
1.353303121585229860e+02
-1.122832745566019241e+01
3.051090701922595372e+01
1.009578238331580025e+02
-5.070590272325286207e+01
-8.926930792408640514e+00
-2.068098617778481696e+01
6.416887820421534627e+01
7.873368350628908274e+00
1.197397211805964901e+02
1.058785892765922370e+02
-9.806201472030946320e+01
1.259971206814066846e+02
1.400631350706497358e+02
1.645738315502498494e+02
1.062155085482488204e+02
-2.152370481654563150e+01
-8.870146178099935241e+01
1.089872717496806018e+02
1.234343828516627894e+02
3.006446775342053002e+01
1.501173342207673329e+02
-1.326030578341826924e+02
4.608297594283749277e+01
3.630822941519338087e+01
1.170269515287633055e+02
1.623918553556455890e+02
1.592299166081461976e+02
1.291774528917894145e+02
3.088841420252083481e+01
-9.612028511471379488e+01
-4.296426091330260988e+00
1.623517859774277667e+02
1.252250143936838498e+02
-1.543566652461792899e+01
1.283618607055910559e+02
-3.289170793779589985e-01
1.573841364718312832e+02
-3.458795067078820296e+01
7.140542127068954414e+00
1.274420434437870426e+02
-3.969998398658511007e+01
6.022823475311574271e+01
1.253847231197672016e+02
3.903622042364887079e+01
1.529971714036769868e+02
1.628060687981324293e+02
1.161708969374133460e+02
1.428638197700225874e+02
-8.534716739114855955e+00
1.504246591661754167e+02
9.441938901639673531e+00
4.701964200790560255e+01
4.503843131782542741e+01
1.528654217430155882e+02
1.655504888682157514e+02
1.629375159287534416e+02
-5.003844702024193225e+01
1.240396618543757796e+02
1.047196515403174146e+02
1.523464070728218758e+02
2.812756863587468956e+02
2.803697159960094609e+01
1.101217897965013321e+02
-4.807305534366832944e+00
2.195221081984580849e+02
3.722021986733039967e+00
1.521601735189261149e+02
8.813550926195614466e+01
1.315897389572995166e+02
1.025658679205212138e+02
1.452881893722571931e+02
1.825716422845268312e+02
1.159610622390625565e+02
2.643586088312233642e+02
-2.493867351121231479e+01
9.713930348117888514e+01
-1.453500866209117248e+01
1.829340072720528383e+02
-1.984514414042628516e+01
1.455850305519156507e+02
1.304164305467951124e+02
1.056301505648059873e+02
1.760945819181242200e+02
1.511626975536272255e+02
-4.598180535088630450e+01
1.626939574594276294e+01
2.444453761371211158e+02
-2.300628935297713440e+01
1.543396045341166030e+02
2.191599746588524056e+02
1.779694759990096600e+02
1.617881687917962950e+02
-2.145195174745890654e+01
1.249206338462832377e+02
-1.516941683006565427e+02
1.674126274796875578e+02
1.500941837586294128e+02
-2.392713402802326073e+01
1.435672599845392199e+02
1.654516761792085902e+02
1.282701310635230811e+02
1.765558515996703477e+02
1.670245026567101263e+02
9.684811653736967685e+01
7.555582289983803435e+01
1.235519153429461028e+02
2.506009528657141630e+02
-5.952439878501483861e+01
1.096875109173849694e+02
1.624852286208197540e+02
1.283151149663492561e+02
1.617905389403053960e+02
-3.313120942453628004e+01
2.821940618921285591e+02
2.495660611608137458e+02
1.035289610120923101e+02
7.203681952231818286e+00
1.216580574395484291e+02
-2.492578287557971350e+01
1.889569943377865400e+02
1.465772218221368917e+02
2.761812392041115913e+02
1.782516182779698966e+01
5.976934595881982659e+01
5.988216205246231993e+00
1.136733040586316577e+02
1.036735631724108089e+02
1.371267651367818985e+02
2.240745509662185100e+02
1.564142996795332579e+02
1.235781094023526094e+02
1.232378711297919551e+02
1.468780071867923311e+02
-4.433201423608628033e+01
1.574050604426225277e+02
2.344939405114498641e+02
1.475671451773467311e+02
-1.146027441231054951e+02
1.557143080300084534e+02
2.402894235510119643e+02
1.303298234134573761e+02
1.261490966667869031e+02
1.787660615731229541e+02
1.535024303388843521e+02
1.249848816100328293e+02
1.150251937108751292e+02
8.216290626390257046e+01
1.156990530255132228e+02
1.616718271127782316e+02
-9.675221137116987791e+01
1.365540790881734665e+02
1.231705232800684797e+02
2.127960155106708839e+02
7.801130205481170776e+01
1.804316191137086491e+02
-2.158228273916066655e+02
2.480542439463534663e+02
1.534879300237423081e+02
1.488117742048976027e+02
2.841759015691405921e+02
3.050009268767554431e+02
1.035971482554019190e+02
1.594320212391495772e+02
1.555784300207205888e+02
2.365689417535015480e+02
1.349255466706453035e+02
-1.736464005920204272e+02
2.078232774315518441e+02
1.263843733575724002e+02
2.546881729484633468e+02
7.957141719156398096e+01
1.130167322131771783e+02
2.382846429707380196e+02
1.659799864321177552e+02
1.827051128174046255e+02
2.911438834185545943e+02
1.730433567575240943e+02
1.024118687887841332e+02
2.576946734272494268e+02
1.883185757491396544e+02
1.385217449967136929e+02
2.380510832778751933e+02
2.609252838097972358e+02
9.567172935175189252e+01
2.756465271163297075e+02
1.247254233944348556e+02
1.424847773721157864e+02
2.876098592778964189e+02
1.594628283423541006e+02
2.566972206601242306e+02
2.660118535275122440e+02
3.811584866963201534e+01
2.380974677658145140e+02
1.567398557031467021e+00
-2.604133205198351675e+00
2.914518512581838650e+02
1.635911292190727693e+02
2.631992695865483256e+02
1.790382761281503576e+02
2.613438750454394039e+02
9.617431961467511314e+01
1.479826253667803542e+02
-2.246565384368726370e+01
2.431418754573775516e+02
1.213393716070150958e+02
2.740079737767502479e+02
1.778492086922832129e+02
-3.430816997126456158e+00
2.214932014669803948e+02
6.884126860604114029e+01
2.621325213135683043e+02
-1.454125902858133657e+02
1.033237099461670283e+02
1.307294092077037249e+02
1.337927089440977397e+02
1.450885756374362927e+02
1.707901914580047560e+02
2.345345207837680732e+02
2.710070226730476861e+02
1.295421906627603335e+02
2.496963827124926922e+02
2.468841782108520988e+02
2.405585254735163971e+02
4.681533685126075994e+01
2.841777925940774026e+02
2.667262381242054516e+02
1.751246023427765408e+02
2.652579176639318348e+02
9.977396733425825914e+01
-4.980282516342370513e+00
2.752705516651885773e+02
2.443925381157924335e+02
1.448910919610501935e+02
3.030232449109639106e+02
2.458408806463710903e+02
2.068707568178233771e+02
2.504901756874432408e+02
2.334325999396374129e+02
1.223340948749240482e+02
1.799618466339558154e+02
2.035195280332474681e+02
2.183600902730036069e+02
2.456880149684143646e+02
2.579426612939491861e+02
2.047806206534678495e+02
2.967856037134138205e+02
2.555808168749375113e+02
1.155472900368510665e+02
2.437250059380468201e+02
2.093034092940028756e+02
2.419777976601541525e+02
2.595385564043540967e+02
-5.509928610490284484e+01
-6.802512377810897704e+01
2.461111296711158332e+02
1.351411397465400626e+02
1.022829684533299570e+02
-7.748399960425345512e+01
1.424107912239498148e+02
1.262108166954324844e+02
1.529151480727858257e+02
2.457680656505203558e+02
2.302401775483258177e+02
2.342152628015452933e+02
1.292285662797454222e+02
2.853082108894739122e+02
2.384537131631474267e+02
2.870985001731501143e+02
2.247241779210236245e+02
2.831343852751741679e+02
2.841463216016332467e+02
2.789032397851243559e+02
2.191344225184105028e+02
1.601561483216945021e+02
-7.215537704922351736e+01
2.445664708157984251e+02
1.610022893852597292e+02
2.506100876612629520e+02
2.837088901716732607e+02
2.567960702385246918e+02
-4.447806955306371890e+01
1.818006033505145922e+02
1.304072679083330115e+02
2.635873563900279350e+02
5.995388178047772954e+01
1.347132920990323157e+02
2.820429333570412496e+02
2.616818511266542373e+02
2.564393729123435151e+02
1.874948637152149900e+02
1.427215029106232009e+02
2.485175386731388016e+02
-1.258074949545631398e+02
2.690627634260173409e+02
2.624952120464486143e+02
1.287846793140348609e+02
2.071953779592321325e+02
1.268009955140767175e+02
2.315230940232901560e+02
2.657263468714107830e+02
1.434261953913234038e+02
1.623094737098286089e+02
2.593123625447524887e+02
2.149288100895313391e+02
2.274154521674875582e+02
2.610919470718779962e+02
2.213105916200102570e+02
2.691613128382169862e+02
2.642645565753070969e+02
2.732803282868306383e+02
2.216386396959561011e+02
7.213741993091353777e+01
2.643305513955684773e+02
2.699697179157017217e+02
2.591427352189050453e+02
2.852552971590872630e+02
