-2.279408683122558443e+02
-2.070819255468082645e+02
-3.543008602013761674e+02
-7.817344435274114289e+01
-4.173505201866852872e+02
-1.376018040789850261e+02
-7.636263888075839645e+01
-3.127429060002926349e+02
-1.301027998906960761e+02
-2.564484714003903036e+02
-7.191571933137731776e+01
-2.521067132422583370e+02
-3.555586194594683320e+02
-1.359388858294517490e+02
-7.887993223957059286e+01
-4.064521043891009526e+02
-1.792734920970332837e+02
-2.350799281971552546e+02
-1.895073392275057529e+02
-2.787013300396033628e+02
-2.321196978703236766e+02
-2.548754526347590286e+02
-2.634367786418662263e+02
-1.985359463037082719e+02
-1.143537278153521726e+02
-8.825267087051155102e+01
-5.026622183644002462e+01
-4.891200677238419559e+01
-8.709871958773771894e+01
-9.638317363748494415e+01
-7.327857079056353484e+01
-4.397742492492206168e+01
-1.048764099040616316e+02
-1.113206939693863973e+02
-1.953011480204663144e+02
-8.290243889892067841e+01
-1.250489783421430161e+02
-1.234637526366348368e+02
-2.858553805661021556e+02
-8.355796183831131430e+01
-7.116303284295594267e+01
-9.342935346126463969e+01
-1.144353120225800922e+02
-2.038202266890489227e+02
-8.030570505134834036e+01
-2.123167893257058552e+02
-1.539212482137487825e+02
-6.417263254571103914e+01
-1.132389696160023362e+02
-1.056570907311716923e+02
-8.639793558202840984e+01
-1.585130277526786813e+02
-1.013198290842827447e+02
-4.633970110740730775e+01
-7.696468022463834302e+01
-1.172674524948382526e+02
-8.511498844489000248e+01
-8.427771311995213921e+01
-1.514525649327069345e+02
-1.377415552852099268e+02
-8.719592876593462449e+01
-9.970207556899552515e+00
-7.105429917815435203e+01
-1.830288498747543144e+02
-8.045007193632844178e+01
-1.669832865872417642e+02
-8.195789324418524302e+01
-9.187500379220890068e+01
-6.714412314168406226e+01
-7.338981814715918972e+01
-2.050626590231414070e+01
-1.082881249712912108e+02
-7.771170338723834448e+01
-6.876675629956699254e+01
-9.561571597624681829e+01
-9.235161277416943904e+01
-8.550717922628008694e+01
-1.123861272309398913e+02
-1.979163023519026297e+02
-5.376494384365116730e+01
-8.054553345108024587e+01
-1.075188815069375750e+02
-7.655606428817503684e+01
-1.428334448298703592e+02
-1.005082324349036469e+02
-9.516567392507182888e+01
-5.125435061097492451e+01
-1.902939405736943002e+01
-2.383792531486983535e+01
-1.184607813304733668e+02
-7.851635351687505704e+01
-6.910588823026975547e+01
-6.928115120292670781e+01
-4.888749644476511946e+01
-7.014465182464044801e+01
-3.994317573024740398e+01
-1.629237599512397594e+02
-4.862031025585510946e+01
-4.673764544579202607e+01
1.261831267521323241e+01
-7.792771409302152108e+01
3.913290099269559619e+01
-4.617283723244244698e+01
-5.428512207242155085e+01
-5.905290850212784903e+01
-6.793761087579849800e+01
-6.052443776881305126e+01
-4.619910725321012990e+01
-6.742777878792762181e+01
5.019297060179923164e+00
-7.718565698481464210e+01
-6.070028529971651210e+01
-5.014910402884797236e+01
-8.882508979680052619e+01
-5.627112600932269260e+01
-9.355907697079194918e+01
-9.467617560274817379e+00
-6.173091432272315870e+01
-9.319480591964891403e+01
1.040793261960253204e+02
-1.025398521575113193e+02
3.286909073240710200e+01
4.342706484689216495e+01
-1.466834449462889722e+01
-5.534558676105090314e+01
-5.787713964328587934e+01
2.046763381540780813e+01
-4.405090907699701575e+01
1.882774110558159464e+01
-1.536968644571913956e+00
-5.809133899256693212e+00
3.448840470856967499e+01
-4.662126245988531537e+01
1.169294652413643121e+01
-2.348784422614457412e+01
-4.804864223753841657e+01
2.695768898706953109e+01
-8.673294870002472123e+01
1.734292656841788016e+00
6.520172691073014448e+00
1.205534914383648015e+00
1.382035044871552998e+01
-2.496987300920709174e+01
-1.622958408355842153e+01
-3.929245433006472865e+01
1.845722282853691070e+02
1.262700259049662748e+02
5.018183612190767917e+00
-5.373939268412809156e+01
-1.351450854683293983e+02
2.681897021991302665e+01
-1.541617237564456957e+02
-2.098821964260037021e+01
1.361617190708423664e+01
-3.388475393800527513e+01
-5.105106097239992380e+01
4.239408333823035946e+01
2.582932198971732873e+00
-1.781930032408747877e+01
9.473032649636280667e+01
2.980128817751827341e+01
9.512442618525685134e+01
-5.509958894950813146e+01
1.442633730415030300e+02
-4.944338779428696284e+01
1.182443482986285659e+02
-4.994153054567360073e+01
1.819867258438340230e+01
-8.010341203641289098e+00
-1.479320754033567198e+01
1.210956942636751847e+02
1.777566861526528896e+01
8.157356565018247352e+00
1.054156537169387207e+02
-4.810773749921735032e+01
-2.030580531611721540e+01
-3.071306824246924805e+01
2.675318630653050889e+01
1.250902553480318886e+02
1.547676136610559752e+02
1.261611274649574881e+02
-4.054271576982488057e+01
1.353915032498643143e+02
-4.656214479289374708e+00
1.055229702932111024e+01
6.099119095636112320e+00
-2.972657743660178653e+00
1.306282855078921159e+02
1.081752107708615540e+01
-3.861492975100309621e+01
1.507309497729630721e+01
1.333929725424344497e+02
9.795664974896160970e+01
-7.119944839191958863e+00
1.014913505430348550e+01
1.485667453052826090e+02
-9.524662485155744207e+00
-1.007287238036680037e+02
7.102047063451664144e-01
3.461948135457262765e+00
-1.626513400464207848e+01
1.596156091111602109e+02
-1.521707038347254581e+01
1.566185417818950043e+01
-3.192761578947325063e+01
-3.726145934791276204e+01
-3.423905693648373472e+01
-2.288735754965439639e+01
-1.358141512832512490e+02
1.247415022834374128e+02
4.361905084933127341e+00
-5.733901970699400863e+01
-3.793768794930436172e+01
-1.679466451593224292e+02
-1.542037962761406220e+02
1.141051482435830167e+02
2.903861009534003301e+01
2.217456386986795280e+01
4.864660851320900292e+01
-1.717805945202168516e+01
2.644171755422782439e+02
1.397285832954342197e+02
-4.022983141732403567e+01
1.371820921599082794e+02
1.387683488172674515e+02
1.642660749126720816e+02
1.387456320932624578e+02
1.497379900410528819e+02
1.795477829638389622e+01
1.540741736307814165e+02
-6.447984707105163693e+00
-2.138274472634741130e+00
-2.417937187419603617e+01
1.319540564371312428e+02
-3.527265516624561315e+01
1.578203032255184723e+02
1.767187500779236302e+02
1.548380701846772922e+02
1.590318543314010356e+02
9.954566976043997784e+01
1.054673775261862261e+02
1.290873590417168941e+02
4.453289633239904788e+00
-1.463508448086512317e+02
-1.573386616350651934e+02
-3.100362474308081318e+00
1.600231310027707536e+02
1.814079948323486349e+02
1.513352209430257176e+02
2.778408838232780909e+01
1.577784795949204124e+02
8.550815019038633125e+01
3.138664565769633796e+01
1.268900816117112953e+02
-1.699105497139149179e+01
1.796719335034601954e+02
-2.381867855653011645e+01
-1.959951508848092772e+00
-7.877913642930785443e+01
1.509812002476282942e+02
1.197046292410494317e+02
9.285818677076019867e+01
1.721347234455617468e+02
1.336595716127949629e+02
1.534317252138774847e+02
-4.684818657447236490e+01
1.333176933697452853e+02
-4.699628020090889891e+01
1.829566451266398985e+02
9.485293949382580081e+00
-6.391655671414227413e+00
1.142546712574290382e+02
1.757768778433241721e+02
1.406342934116223375e+02
7.848732737946335192e+00
2.911048387230409844e+02
1.483359540876849678e+02
1.432107786408391235e+02
2.542847940428619324e+02
3.502017993749507241e+01
1.973287861505129399e+02
1.430024649490677859e+02
1.373282490921532997e+02
1.230133989919692681e+02
-1.048019452538759992e+02
5.384453688741506028e+01
1.874125185996083758e+02
1.446368105622499058e+02
-1.217207383446577751e+01
1.623724748745611635e+02
-1.372726410273384943e+02
1.540172056335559034e+02
1.372784734495367331e+02
1.216169638173856384e+02
1.437765949935175627e+02
1.815490557290515596e+02
3.610905293228406521e+01
-1.807012113122906953e+02
-2.858153814618028719e+02
1.547605321981749853e+02
1.787755464927491289e+02
2.322767909893886440e+01
1.478628802608373576e+02
-7.137676397635260628e+00
2.209076939545320784e+02
1.550157600213191813e+02
1.779468990860557085e+02
1.285928445634018829e+02
9.212584956079390963e+01
-2.251916619223520399e+01
2.135435347864005848e+02
1.604193553424017580e+02
1.753987023555133078e+02
1.058455305074164841e+02
1.388359622131465585e+02
1.177375740457446369e+02
1.817858251755926915e+02
1.397992443130059144e+02
1.661122421044110524e+02
1.541700558237850771e+02
1.181394411206211714e+01
1.632036684386495722e+02
1.834791237327965234e+02
1.687836232864606245e+02
1.650342254858749413e+02
-2.188467882828007305e+00
6.548015257513495158e+01
1.971629094651429455e+02
2.828225882137550116e+02
1.508352395722054240e+01
2.684625613588546003e+02
9.142169899110527354e+00
1.195323337805227482e+02
1.701920785873511761e+02
2.496697830714080339e+02
1.573273231109622259e+02
5.292291468787692565e+01
1.827037746874161712e+02
1.695081732464931861e+02
1.694478974248873726e+01
1.736638819432263290e+02
2.714871643079202954e+02
2.947230880739165286e+02
3.176676373090995185e+02
1.683118203793214605e+02
2.656980462819465174e+02
1.488453313847821278e+02
1.787645232269694873e+02
2.773402849875067204e+02
2.779673482609359212e+02
-4.696953375867278169e+01
1.644608270755667547e+02
1.828954465347212022e+01
1.737629911275586210e+02
1.390056886413411235e+02
1.241220365378601826e+02
2.148495912730502937e+02
2.451003087381306500e+02
2.249586814902972378e+02
-1.402718219905015928e+01
1.660083764368331742e+02
2.820588598979866219e+02
1.595359048690087889e+01
1.609296704499753616e+02
1.176625955426864749e+02
2.870033821563588390e+02
2.017932968166034584e+02
2.726933380988600106e+02
2.552006525053140251e+02
2.518477148597496296e+02
1.312797159962130422e+02
2.825030254929769171e+02
-3.044625354728934497e+01
2.665189990837898222e+02
2.679607598525939807e+02
3.047870772616122395e+02
1.771819865813738204e+02
5.672549323913020203e+01
2.552544173969446604e+02
4.642843434250623602e+01
2.781512463793892493e+02
7.904791448286071898e+01
-1.160628818525753303e+02
1.117578161811417630e+02
1.387704324418191675e+02
1.635389916083261710e+02
1.588981310413905135e+02
1.229924960740513029e+02
2.432934897324801682e+02
2.618778470956607407e+02
-3.240541169487745776e+01
1.821947512468954358e+02
1.133586799567991079e+02
2.739859731716641704e+02
-3.541359288992333632e+01
1.850539591904316126e+02
1.808442692260341573e+02
1.832723999843874196e+02
2.416556117217256485e+02
1.545948636911072072e+02
1.869132565948575007e+02
2.607510724177894872e+02
2.402542942820223857e+02
3.569722955569165634e+01
2.027043086029738390e+02
2.486046901669870692e+02
2.369943468349570992e+02
2.782854728753954987e+02
1.168689897554478563e+02
-1.040327403769480270e+02
1.673611695521559000e+02
1.701972859114680432e+02
1.476076110891306143e+02
2.711796603593334112e+02
2.468830029821664027e+02
1.184679493071118799e+02
1.846469773070760425e+02
2.765544619372087709e+02
2.340230376903005833e+02
2.546851632508933960e+02
2.471748754058758664e+02
1.610336656099686365e+02
2.306790191676694519e+02
6.466219888221233703e+01
1.381839670225658097e+02
4.693530335282582655e+01
1.703509035867702153e+02
1.278226121687411165e+02
2.172443362447775428e+02
1.224196633258355007e+02
1.207280737808641220e+02
1.837706221868493515e+02
1.437681601687314981e+02
2.744662211944423120e+02
9.057053735373098391e+01
2.108543428289169128e+02
1.437559054931275853e+02
1.350985573367030668e+02
2.370500640961386978e+02
1.633303073351871149e+02
2.695339268189488280e+02
1.752393452743542355e+02
2.701598457172392500e+02
2.530389609599115488e+02
2.690000835284031950e+02
2.610310852849430034e+02
2.590824275380513200e+02
-9.204948546535366916e+01
2.160223963189793608e+02
2.672534626354767511e+02
1.750846274936527607e+02
1.213134158828480338e+02
2.703207509468353464e+02
6.988302662186472958e+01
5.978485836701024425e+01
2.662242667476860447e+02
2.704362446943608802e+02
2.678800055571599614e+02
2.846665580004370213e+02
1.694360351871292494e+02
2.901218340193358358e+02
2.272871773516558846e+02
2.755229754018996573e+02
2.291210982325673058e+02
2.669820199009278667e+02
3.223871230989004744e+01
2.646936549016254503e+02
2.499800822497924457e+02
2.722476729314602153e+02
2.644771558906994642e+02
2.523073859690407517e+02
2.119533092247492050e+02
2.628306358794045536e+02
7.219130292893734691e+01
2.432273190083073473e+02
2.408965348315971369e+02
6.172763987331843794e+01
2.420286839596334687e+02
1.428036119183009589e+02
1.293108809292251067e+02
2.450680509048095246e+02
2.230294396673160122e+02
2.723730562796130812e+02
2.538376126054645567e+02
2.450697630637733653e+02
2.276700325980641537e+02
2.416300926165849887e+02
2.009278581365834953e+02
2.794259577598888882e+02
2.595464924203618580e+02
2.044302904402510990e+02
2.792144242630236022e+02
2.448754663311166553e+02
2.855740874430293275e+02
3.034658318761299256e+02
2.661828310272877047e+02
2.874476074437549187e+02
2.229735169818658846e+02
2.709066433908855061e+02
1.428546353999316807e+02
