-2.962983265828137291e+02
-1.251791900249246368e+02
-1.189530004331649309e+02
-2.392251199027121800e+02
-1.029359188896206945e+02
-2.680769401089066832e+02
-2.755776486611654263e+02
-8.986726155807590999e+01
-1.197378249789058060e+02
-8.597242367620701486e+01
-1.114396247483211084e+02
-1.483423439554370589e+02
-1.820336470025761741e+02
-2.638176731005517013e+02
-2.294703752820600187e+02
-1.762507856860202651e+02
-3.169090986749191643e+02
-5.989161017142530596e+01
-2.056226613859988674e+02
-1.164109691944879330e+02
-1.438774347378849257e+02
-3.113417597106276844e+02
-1.367089161491115306e+02
-2.647716198826669824e+02
-7.152837102147344694e+01
-1.331412178320949806e+02
3.174549146936641364e+00
-2.680310954409727628e+02
-3.717068848092885105e+02
-8.305864041593345348e+01
-5.344612808319466524e+01
-1.818673451567695452e+02
-3.577436243682781196e+02
-5.467265825925621670e+01
-1.984819895027659697e+02
-1.565240302677872819e+02
-9.085536947979692002e+01
-2.625263517742437784e+02
-1.404404366557144215e+02
-1.409515752401264024e+02
-1.211473157407627923e+02
-5.823379580094129437e+01
-2.778777449821123469e+02
-1.696544373244356336e+02
-7.101381102084791053e+01
-8.264675030425486568e+01
-8.682353746470684541e+01
-9.379030049353409026e+01
-2.806289651298978924e+02
-8.309556647696635423e+01
-1.763249811345445437e+02
-1.131604041951835740e+02
-3.721505388888671462e+01
-8.047429920032865880e+01
1.172792744125847122e+02
-1.218197875134713115e+01
-1.353050297627849545e+02
9.322929765714363270e+00
-1.933819039490292084e+02
-1.630288150539591925e+02
-2.372119899444221005e+02
-1.899797865714965042e+02
-1.238979056601191928e+02
-2.230148103817489869e+01
-1.311122637837137290e+02
-6.760899143922856069e+01
-1.090298924506195277e+02
-7.222203244726810567e+01
-3.496804683420180027e+00
-1.387145216990167569e+02
7.148511798623417235e+00
-6.766739258388901135e+01
-2.009704271321805322e+02
-3.402233542843760574e+02
-6.457968307312299316e+01
-9.963409145837404424e+01
-6.283575344560577491e+01
-1.947467039254799204e+01
-5.845264298333358255e+01
-4.040978684090792683e+01
-5.912558558609821091e+01
-4.326470918792039555e+01
-6.883741265874236603e+01
-6.690600749675081715e+01
-8.234135053495626266e+01
-3.234280462498985287e+01
-3.364501418418495859e+01
-4.914731716261855610e+01
-7.275493572232969086e+01
-2.043965296029709577e+01
-5.172336146466719242e+01
-9.912765196834200765e+00
-4.502298433556526902e+01
-6.243170719661978296e+01
-4.061996376733004155e+01
-3.307704853539524947e+01
-1.863770139681145110e+01
-1.350520104742205376e+02
-3.801963519918122358e+01
-7.283312016727163041e+01
-8.137235749298632470e+01
-8.880083839710336235e+01
-7.446871540616186280e+01
-4.787902096577704469e+01
-4.783869773928613256e+01
-1.504543779005743431e+00
-2.361485807177197671e+01
-5.793260046508996908e+01
-8.868208722160883895e+01
-3.109829968621363605e+01
-3.687044210397245081e+01
-4.584568176193347711e+01
-4.496329036606084628e+00
5.166782600096823330e+00
-6.403105793296077763e+01
-6.721684318799790958e+01
-7.527356031971801542e+01
4.556319386061207410e+01
-1.288815073562489886e+02
-3.712325297038717054e+00
1.529352854645260607e+01
-2.831440224070311729e+01
-9.807176645701261464e+01
-5.719065372624497456e+01
-1.261997161689025404e+01
-6.319974112953739365e+01
-3.557770019397447925e+01
-2.326188939708194425e+01
6.974996766200362686e+00
-1.471939305245037133e+01
1.309275527882620054e+02
-7.800785882413619277e+01
-4.345426330731404363e+01
-6.154094587903135505e+01
-5.320756185724276577e+01
-3.588443725590687450e+01
-1.653320020114983890e+01
-3.253128177928138598e+01
-6.304995028438793270e+01
-4.923311602951406485e+01
-2.239310460256301099e+02
1.620220570819703312e+02
-1.802488238463611481e+01
2.490162400056304648e+01
-2.391236108361103163e+01
-1.639713594610568350e+02
7.676381724245970872e-01
-6.086134511837855143e+00
2.776976927153299357e+01
3.512102578675271047e+01
-2.098884326845055170e+01
-6.912216104981898468e+01
-3.871672792349286851e+01
-1.974925981207782399e+01
8.732890536641366452e+01
-1.936154376479331063e+01
3.712352907817728465e+01
-3.520912941025298437e+01
-5.517328798552028957e+00
-4.565595695936475096e+01
1.107637285843332506e+02
-2.752651341821584197e+01
-3.467707018777369399e+01
1.203284256614854542e+02
4.061889022104008973e+01
1.407809370598455700e+01
7.713536941509575229e+01
1.255883930629842666e+02
1.263279127555056647e+02
-1.552745228351710693e+01
8.806041920913051513e+01
-5.004005529394232354e+01
2.026334280740616123e+01
1.177567518261615618e+02
1.396161977145128219e+02
1.313016522619890338e+02
1.127217284738087812e+02
2.309314777043467473e+02
1.085181195756456560e+02
8.855327588203910238e+01
-4.553603128069724448e+00
4.121188477984441079e+01
9.618806698341538208e+01
-1.230609404802694655e+02
6.387327180730596865e+01
1.185211689620883249e+02
1.367226041843795770e+02
-2.741331607712061214e+01
-4.427206785453872584e+01
-9.137805109712405738e+01
4.344418708799605611e+01
-1.529403439255836759e+02
-5.751656100866449606e+01
-8.198385931346635402e+00
-4.084154428195317621e+01
1.675019846088877671e+02
-1.029574171356045724e+02
2.935390201116862841e+01
-1.138202990834702177e+01
1.320604899303243371e+02
-4.866105759638580253e+01
1.282137275779737706e+02
3.338241141793560018e+00
-8.254785562954157285e+01
-6.358454798547479925e+01
1.627702679213776094e+02
-2.568285637664797605e+01
-3.401731108579713236e+01
1.271446348588445403e+02
6.631191546228784262e+01
-1.894953308344094012e+01
3.903876404638685926e+01
-1.504155040299100108e+02
1.219815384689663063e+01
2.785886085755396380e+01
1.557771731405467222e+02
1.152899506059745249e+02
1.255109658944530224e+02
1.458435694335262838e+02
1.252504217815128271e+02
9.891296218316678335e+01
3.618318734611322895e+01
1.567838135332180514e+02
1.647367888856928460e+02
1.606012747638952476e+02
-5.663327418154264592e+01
-1.373786377408658268e+02
1.607250474716235260e+02
1.642180064567056093e+02
-6.490230322194221912e+00
-1.716165413127912132e+01
1.945037544384062755e+01
5.507779322203354155e+01
-7.537032192104135220e+00
4.757417794109503006e+01
9.709078749286831567e+01
1.640499284647586649e+02
1.229130390805027986e+02
8.791333185243840376e+01
1.327452525289975824e+02
-3.524436672880680987e+01
1.247428004039359877e+02
1.116530349795669679e+02
-2.697803960875447160e+00
4.580696239894038513e+00
-4.183357264737210812e+01
1.099558023654039545e+02
-1.817440496172041549e+02
1.188058928232471061e+02
8.591333429885686712e+01
1.175160743244351238e+02
-1.466247330438938548e+02
1.179642987535891763e+02
1.353310421158705310e+02
9.099250659673381847e+01
3.831103575557227714e+01
1.429627907369556397e+02
2.161038593232311769e+02
1.509203009217449960e+02
-1.648007098272997837e+02
1.132196248251750745e+02
1.413391232673162676e+02
-2.227219388570748038e+01
1.290269210282611425e+02
1.408523658771407838e+02
9.125151104570954885e+01
1.739939658808226284e+02
1.129247050186391874e+02
1.167859861047211467e+02
1.402730129342767498e+02
1.480867247534229136e+02
-1.728387954166547047e+01
9.517976822390286884e+01
1.824263103871415126e+02
-1.483070910312808621e+01
1.565266362602610855e+02
-4.339058817039258997e+00
7.351912716509696111e+01
6.351379679612662699e+00
-1.588353806564954596e+01
1.734805963931097494e+01
1.121946338768306646e+02
6.887581318865287017e+00
1.329955544760215389e+02
5.733641087186106233e+01
5.932450011316889515e+01
3.637624839830411361e+01
1.753835266648586355e+02
1.501376270026236739e+02
-1.510934324055834281e+02
9.429823981778210396e+01
7.428654746120494679e+01
1.125942837411959516e+02
-2.823492524658504976e+01
1.505047815831069045e+02
1.863578397505502835e+02
1.681761429027056636e+02
8.985435934603590624e+01
1.726406210757420467e+02
3.831156881596463393e+01
1.452255433563851739e+02
1.097526818543778546e+02
2.162322143217321013e+01
1.686286939246589043e+02
1.716087540639774716e+02
-3.109981790763150755e+01
1.446040537995598356e+02
1.610444584884886581e+02
2.686512310582638179e+02
1.396928868737008145e+02
-1.102713279816029512e+01
-5.856334706335829310e+01
1.632930105730111734e+02
1.785510123786741872e+02
1.342334206436803754e+02
7.923852688865788707e+01
1.197264340865824437e+02
1.214206654286130060e+02
2.590124725183214878e+02
3.128000140726629752e+02
1.492253233022045436e+02
2.619549986446884304e+02
7.227130080130891088e+00
1.574992412279748635e+02
-1.295812260443972832e+02
1.826786877952625900e+02
1.327004766821387705e+02
1.578111712603437127e+02
2.076579190743795493e+02
1.283662861880703190e+02
2.601251773369041302e+02
1.135707241905745093e+02
-3.097793996455553156e+01
2.648322826704655881e+02
1.752509741355734718e+02
1.518784615323474725e+02
1.459888304176740803e+02
1.398618944013667829e+02
8.135988268735610518e+01
1.724166203835230249e+02
2.386257786724190169e+02
1.489986060840229243e+01
1.200641054917730202e+02
1.626697785569392636e+02
1.489248478486224485e+02
2.169224854406487566e+02
2.103296486292237830e+02
-4.202462303473708971e+00
1.625572900790472204e+02
9.095933595467087684e+00
2.514989913063977269e+02
2.101079254982000180e+02
-1.513176576545395164e+02
5.445622936382747525e+01
1.728858565412171515e+02
1.647879900739696950e+02
2.667282522726013667e+02
2.651685088751981993e+02
2.902508431746549604e+02
1.269050084630064532e+02
4.342713145343282122e+01
8.371493884111345096e+01
2.746691144332224894e+02
1.965465187703973982e+02
1.571161110653963533e+02
2.734430136391442829e+02
1.905807425144536467e+02
9.464607331458545048e+01
1.178078306107985895e+02
1.421359705311625135e+02
1.274060575635479324e+02
1.107327568359938397e+02
1.741148286662113378e+02
1.788949020559242342e+02
1.829332893865216647e+01
1.372855841983978280e+02
2.881880025898022950e+02
2.231212245204122269e+02
2.098072904785610149e+02
3.051009107910456919e+01
2.634556141322090070e+02
2.136303607705870604e+02
1.426416600281675073e+02
1.316154868629268435e+02
1.674128037277653789e+02
1.396840126726660856e+02
1.762343796429419456e+02
1.636714551736789645e+02
-5.437802219452807151e+01
2.834665083725136370e+01
3.458023224242994331e+01
1.446825484552252590e+02
1.288668392514737207e+02
3.000400777397686625e+02
9.688809980684567336e+01
1.695485832749770339e+02
2.392327156464550910e+02
1.532975991583998621e+02
2.403614843995189574e+02
2.556072366767184860e+02
1.532341383442656877e+02
2.882913009407346294e+02
1.062076351557945344e+02
1.127641205221569152e+02
2.791588580391214691e+02
5.927036550950830929e+00
2.708405656162229889e+02
2.763187261187161994e+02
2.306893660780435766e+02
2.619376056679341787e+02
2.626730517739067636e+02
2.647607072988666914e+02
2.290928460028229097e+02
1.519743702230774147e+02
2.921352898169819809e+02
2.888630592837841959e+02
1.460665303633942926e+02
7.600189802566086428e+01
2.660896429726264500e+02
3.066292249874461504e+02
2.481972829487522745e+02
3.152758885954680181e+02
2.491546840671438758e+02
1.602930264253298276e+02
1.980707473944823960e+02
2.595808227700750876e+02
2.657480207780603223e+02
2.234423116737217470e+02
2.318036220495168607e+02
2.642997316643509293e+02
3.132929280613259948e+02
2.532151167699171594e+02
2.144221041463839583e+02
1.571654247406065679e+02
2.327595047422070422e+02
2.572521245666731602e+02
2.752299651954638193e+02
1.308040598739808900e+02
1.699492610026271677e+02
2.540534728905451516e+02
6.019829387050305769e+01
2.551347281844462600e+02
2.320996799243347368e+02
2.692562992884247706e+02
2.412566716248759917e+02
2.004458606610112668e+02
2.503626903315348500e+02
-5.745551434592035545e-01
5.177398449875805397e+01
2.234544766761387962e+02
-8.372210074400712188e-01
7.883493298698273577e+01
2.711942382265258402e+02
2.376963222961571773e+02
2.462335614838898721e+02
2.202413705913839692e+02
9.740524930888813770e+00
2.667706197786883422e+02
1.522629786583349585e+02
2.678218480553314862e+02
2.551667777593265782e+02
1.024173134960877718e+02
2.322209594045014001e+02
2.786852754025552485e+02
2.242241710876790535e+02
1.293547097870250866e+02
7.924783965924036977e+01
1.299850988501763709e+02
2.091504753953865361e+02
7.984635135657606497e+01
1.901807943883330552e+02
2.313527355955653775e+02
2.027031028401535195e+02
2.817210326081520293e+02
2.606814267157472500e+02
1.293920297394069507e+02
2.481834573578373977e+02
2.102771298916669593e+02
1.006345311746284779e+02
2.698747029292149477e+02
2.442737691031163649e+02
2.542843349824502468e+02
8.319547219373589542e+01
2.696896138149036233e+02
2.345727687453621400e+02
2.549310954059857579e+02
2.201018604908718430e+02
2.437440472864110745e+02
1.806024727801709560e+02
2.636069894610457141e+02
2.640474472664361656e+02
9.340656050280725253e+01
1.428120971242680355e+02
2.341397856077020663e+02
4.824501723921122220e+01
2.865092939436809729e+02
2.043196087342865894e+02
2.137655877376553235e+02
1.169814070587142112e+02
2.607018289445236405e+02
