-1.692916267279583167e+02
-7.439078261678028525e+01
-3.540582415749190659e+01
-1.262358554595984117e+02
-1.012363751025619791e+02
-1.346587663777457067e+02
-3.253218371178613779e+02
-3.719530849251341920e+00
-1.178509984852537968e+02
-7.525381748628628031e+01
-3.686967672906195048e+02
-6.308266017001399462e+01
-3.362525002200146673e+02
-6.720943982698287300e+00
-5.408372779764580685e+01
-3.635919280585119964e+02
-1.430810945144995117e+02
-3.057694179157567191e+02
-1.679252680862290106e+02
-1.438556588655558812e+02
-3.538636592024920446e+02
-4.938847577058153888e+02
-9.956222048378268141e+01
-1.625581276155358523e+02
-4.020158300759648995e+01
-2.034178031201670933e+02
-2.384286210315470385e+02
-1.486129099133245290e+02
-1.121777361504415182e+02
-1.540043999468614402e+02
-9.184902632443697712e+01
-1.296706606820794150e+02
-2.319094803584222291e+02
-6.890860461225508971e+01
-3.099608570183788174e+02
-1.564187027100707610e+02
-1.158259991087726632e+02
-7.091642389990607853e+01
-6.784578086114710516e+01
-2.579360582384059626e+02
-7.666256731650122447e+01
-7.575052607983829489e+01
-8.269990298775736903e+01
-7.554106954605401825e+01
-3.934511701769112335e+01
-1.164926924781295554e+02
-1.135002139481578354e+02
2.403261528061540275e+01
-6.088287279893414450e+01
-1.257522153498970567e+02
-4.550183065995742027e+01
-7.752040619123148701e+01
-9.716249933063286903e+01
-2.659120870173504727e+02
-1.835908659763341859e+02
-1.173046995662010659e+02
-8.665365568207296576e+01
-2.186287589810168583e+02
-1.454215513633786827e+02
-8.637546108593838312e+01
-8.954222401751957250e+01
-1.003621225522698523e+02
-9.070926595113600399e+01
-2.021124796492203473e+02
-7.798562719455480874e+01
-8.520660402445743387e+01
-2.244235955288810942e+02
-1.469487098735205564e+02
-1.201011617950710644e+02
-6.922961198475147171e+01
-1.362783754979186881e+02
-1.429843127338877196e+01
-1.295644584495930758e+02
-1.234921358359668631e+02
-6.596175988271677681e+01
-8.658331396815772507e+01
-8.401644653377985605e+01
-3.278240689869619473e+01
-1.472801444479219413e+01
-1.807306730689227834e+02
-2.759595023740329793e+02
-6.616985883982771099e+01
3.097160387419529570e+01
-7.102407946906406266e+01
-1.440318110082210410e+02
-6.272425582794819832e+01
-1.927388211398090334e+01
-2.502736555257970963e+01
-1.059643298976982919e+02
-7.532219176924513704e+01
-8.553645356661273524e+01
-7.551751388072605664e+01
-3.236334324416633024e+01
-1.318474893330075588e+02
-2.803674363842377204e+01
-1.070766263834879055e+02
-8.507569703576241693e+01
-5.954529144445953648e+01
-8.233025547018667112e+01
-1.397543088820219737e+01
-2.853124431489540029e+02
-2.063180965571078218e+00
-1.805788102798787236e+02
-8.379656457345751619e+01
-1.487025677159472536e+01
9.587745011053527833e-02
-3.434578998958957641e+01
-5.824931651962161538e+01
-1.258657588700062178e+02
-6.097988534693575957e+01
-2.790291098715458418e+01
1.892576629893378026e+01
-6.986619480867310017e+01
-7.055832309132587454e+01
-5.848293955339662631e+01
-7.548116109384810102e+01
-3.576459467911678303e+01
-4.786329264473717160e+01
1.050148891866267320e+01
-4.406932708595928716e+01
-6.503732349483439634e+01
-1.793418559572315019e+01
-4.349112665778638842e+01
1.135589671187624106e+01
-7.163567477023931929e+01
2.117114813951744168e+01
1.415325935920614597e+02
-4.740762018491571439e+01
-3.299248737496763795e+01
-4.970139696260375217e+00
-1.982298313175506621e+01
-4.585252893274303432e+01
2.520468953171217663e+00
8.597843136160584265e+01
-4.853421752817267532e+01
-4.049678777720441758e+01
1.711423298336585219e+01
1.208771074030616290e+02
-3.650131082063062138e+01
-4.628686721992564657e+01
-6.247264869460707359e+01
-3.565462168925253650e+01
1.428669811773818878e+02
-9.172617151205301411e+00
1.291540891234637911e+02
-1.483088054788467502e+01
1.867472236317114209e+01
-6.005778548214480850e+01
9.941122943085048291e+00
1.138748159146395409e+02
-4.142221265583476963e+01
-2.276842904216179875e+01
-4.366240154174806065e+01
2.362684504689261189e+01
-4.871083172402913419e+01
1.022545381828033015e+02
-6.441451681353839831e+01
1.264974676521251240e+02
-6.103996881919144357e+00
-1.457054932311952200e+01
1.338501611536755149e+02
-4.504773252295471053e+01
-7.606491447644911830e+01
2.381506137878865559e+01
1.085212888269618219e+02
-4.412726485061972426e+01
1.410938390598401782e+02
1.714234342862553717e+02
-3.854999030728701825e+01
1.107544193447296834e+02
-2.877155634342220480e+01
-2.295015473128192696e+01
9.581516470824794851e+00
1.139716596739045542e+02
-1.707338681122361663e+02
9.572241134238328186e+01
-1.595410980763044506e+01
-2.722822198219511165e+02
1.268400414538959353e+00
1.460636095562896060e+02
1.800642157643972041e+02
-1.607330419862988435e+01
4.291848624241646348e+01
-1.634984605551312598e+02
1.503891081772014218e+02
-1.568129604555625178e+01
2.667592780629317417e+01
2.468451366961122062e+01
2.442501394709609031e+00
-1.641006757014241657e+02
1.400338408139245416e+01
-6.252569458288022020e+00
1.969766241057361356e+01
1.393370991534895609e+01
-2.779140077397102004e-01
2.936723692154257037e+01
-5.330902405861512250e+01
-4.368519271793160641e+01
2.215044428899130935e+01
7.200086749026642963e+01
-1.891027016855203158e+01
-1.289249577318529703e+02
1.743296570035894888e+01
-6.673213589679633628e+01
1.038651131263800664e+02
1.076035727154994248e+02
-2.590331409103356464e+01
1.718193361278276257e+02
1.232050146548575640e+02
-5.176267156944902581e+00
1.506150428983721099e+02
1.000586076093325119e+02
1.202239297360438286e+02
2.757684536550044641e-01
9.163097640067539373e+01
9.966403502461055552e+01
-7.535105578296143847e+01
1.596699773738144472e+02
1.064675172916370514e+02
2.303162369513076158e+01
1.327706223551044786e+02
-1.352351342272696400e+02
-2.029591063847639987e+01
4.164495132029880153e+01
1.233994827559529739e+02
-5.551494253020464953e+01
4.731257950451899319e+01
1.561419282697942492e+02
2.938484811151582221e+00
-1.927312524222654417e+02
3.924406754166903966e+01
-2.363525327605869109e+01
1.023885797477472011e+02
1.875221745334522723e+02
2.650888828893644131e+02
3.973440629295993176e+01
-1.353009717606215645e+01
7.691574412660919791e+01
-2.512773121541850685e+01
1.083957148640744350e+02
1.394640515905072107e+02
7.682157100854486487e+01
1.751446614747089825e+02
1.302170007261563853e+02
1.680294902043594902e+02
9.342450097764367456e+01
1.101852855415543644e+02
3.265260116429860204e+01
2.198949995941046609e+01
1.129989514773247947e+02
1.329766740516293169e+02
1.699318173056910268e+02
1.172863136230553351e+02
1.018343580662893970e+02
8.082437123170942073e+01
-4.250249556817210816e+01
-2.861257488703230933e+01
-4.512152107107409904e+01
1.263705824213881357e+02
-1.462595677419188860e+02
1.439505861056310607e+02
1.388705588186164164e+02
-3.316092924292976818e+01
1.361841382034991454e+02
-5.864432597031856176e+01
-4.829381477226166908e+01
2.849462447685809252e+00
2.036044921003848174e+02
1.228848961951184151e+02
1.211442788630396166e+02
1.523470116731605231e+02
2.117513138402825916e+02
1.717715013368386394e+02
1.737722221044093374e+01
-2.168418277909884750e+01
1.700577615328448928e+02
-4.271922385696829849e+01
1.446437580207625331e+02
1.499881346059297300e+02
1.458201173342208676e+02
2.386095976998615242e+01
1.560572015963556112e+02
1.263833370299614671e+02
2.605986796786704076e+02
2.771760124233125566e+02
1.793358235181719067e+02
-6.789413062589122205e+01
1.241403470643113280e+02
1.710566657723719288e+02
5.591665878009152379e+01
1.335879217860021129e+02
3.622897017160551059e+01
1.666754530375579577e+02
1.284296217640900579e+02
2.389101118858248469e+02
1.608505706147238641e+02
1.488109278010344667e+02
1.122767964806389784e+02
1.693073732263700606e+02
1.879350878803940361e+01
2.599175288058361843e+00
1.224032198940535068e+02
1.183238459395176392e+02
-4.369782362879347204e+01
-5.641219099436754902e+01
9.968686563349552898e+01
1.738783133604916884e+02
1.458708950192468592e+02
1.627505392943766651e+02
1.585510763206834497e+02
2.995493809928083806e+02
1.554001453723095665e+02
1.853476735054487108e+02
1.866934604032647940e+02
1.260516926753465441e+02
1.439100488634847466e+02
1.436328980726481461e+02
1.610164705227723800e+02
2.517132987700950366e+02
2.125106117543803350e+02
1.534813040950643881e+02
1.421704299490289429e+02
8.724123128802426663e+01
2.664152057900101909e+02
1.367059187743052746e+02
1.338043317722083145e+02
2.688354561778049856e+02
2.541010553082402907e+02
2.285575310062832841e+02
2.698688813244837661e+02
1.293267472588347857e+02
2.603845189850500219e+02
1.669329342132015483e+02
2.858440516017611230e+02
2.852129850455335713e+01
1.958588699134726028e+02
2.826415018690634042e+02
6.086473475890173290e+00
6.237333736937179651e+01
1.374724283227485273e+02
1.705903196334060397e+02
2.125467277198240765e+02
2.880336120006545002e+02
1.526671666992192229e+02
2.512371288148493704e+02
1.294932196504647663e+02
1.389801837808175549e+02
2.809376194527253574e+02
1.641820874669294312e+02
1.556795080775470410e+02
1.348181128713191015e+02
1.704929502044346634e+02
2.834910864375762571e+02
1.069191735941808901e+02
2.822324782037387649e+02
1.571500205189274197e+02
1.506968417958191537e+02
1.153580609525201623e+02
2.034485930602044164e+02
-2.722635299522195851e+00
7.831969393799904822e+01
1.867944545205787676e+02
1.505078846526569691e+02
2.534241991619843191e+02
1.160361229875025231e+02
2.626199827449597137e+02
1.616846722271484396e+02
2.151659831183463893e+02
1.585642098205232458e+02
1.302890308979243912e+02
1.954375173534908470e+02
2.657315908552924384e+02
1.120861596637098927e+02
2.276772238405918358e+02
2.526668614320873303e+02
2.477114072415241424e+02
1.262530776336332963e+02
2.512321466435664945e+02
1.989949378262927553e+02
1.889082566260948965e+02
1.404641403872380465e+02
1.193019110544277197e+02
2.155623559809093877e+02
2.419159723165268190e+02
1.507216138013808973e+02
1.038981421087366357e+02
2.524558040729082791e+02
1.524037648721971721e+02
1.149538665904376131e+02
2.678996921657242183e+02
2.693448709948889359e+02
2.237791082575611199e+02
1.260201722400051807e+02
2.293306775477495307e+02
1.010071203158820481e+02
-2.884182344278329424e+00
2.175346941533494487e+02
2.478012663477315130e+02
2.608490639132032811e+02
1.674185086357552166e+02
2.644241102820986384e+02
2.403679305663602577e+02
2.248927374812013795e+02
1.512652314408086909e+02
1.443523745998735137e+02
2.745755394754222607e+02
1.359182853687593422e+02
2.530369948690772617e+02
-1.597367010805935479e+02
1.135765813335628707e+02
1.333369082842125692e+02
1.235215821554628519e+02
1.161989716547685560e+02
2.353196914926355419e+02
2.261150421048050418e+02
1.619542874130051757e+02
2.315555080692188028e+02
1.627136015271455847e+02
2.496508358234991647e+02
2.757098819842869375e+02
2.360477014700392999e+02
1.484847622742360045e+02
2.768356456901042293e+02
7.778011662063170206e+01
2.500056389920044069e+02
2.634486311249609685e+02
3.020542994216563102e+02
2.449207144579883106e+02
1.039261337295176162e+02
2.074843635024974162e+02
2.689965771718499354e+02
2.299866693629635392e+02
2.926212185663586638e+02
1.024104263836806581e+02
2.181072520811552522e+02
1.502539218036465627e+02
2.623447950478637836e+02
1.230859397721243340e+02
2.605347964542012278e+02
1.604982629323219783e+02
2.584540518609189519e+01
2.549315033993989061e+02
2.793744906542264061e+02
2.473612700887593405e+02
1.697067997291939605e+02
1.132854880291366300e+02
8.861421594409380020e+01
1.067596646069529527e+02
1.065429796857251574e+02
1.449593840810194649e+02
2.961639920475190024e+01
2.602481472621651619e+02
2.315144639478437227e+02
1.083773685279005434e+02
9.794095348117615174e+01
2.393707034162148659e+02
2.682689380452670775e+02
2.194450700342123923e+02
2.248163586902832094e+02
2.317193519405873303e+02
2.328225207096494387e+02
2.192722037312429961e+02
3.005438817901055018e+02
1.331761025686907942e+02
2.474864861851907563e+02
1.986071158519036430e+02
1.082200317577482593e+02
2.482638375784731011e+02
1.472190119570705633e+02
2.455094660732753766e+02
2.361126000009302004e+02
2.355015961036681915e+02
2.592027293537134938e+02
1.427239754689890106e+02
2.240858742499076754e+02
2.582801513483840381e+02
2.761740866484232129e+02
1.127269617877585972e+02
2.875111497404032548e+02
2.291826277770583715e+02
1.062219117554838732e+02
2.713330508389336728e+02
2.194709195681122367e+02
2.642782861981457927e+02
1.746386533801095879e+02
2.805763095188384568e+02
8.861935445067159378e+01
2.100280933523820011e+02
2.660681274537151921e+02
2.563644940857262213e+02
2.303224670627305386e+02
3.100593369239153390e+02
2.473514412324455520e+02
2.575509865698900285e+02
1.025912972846541891e+02
1.280819124296097584e+02
9.585288317810987735e+01
2.441610701784849482e+02
2.358399474267972664e+02
1.262260091895920482e+02
