-2.427684184057193590e+02
-2.395725923726781161e+02
-1.499640653704755096e+02
-2.491813827715644436e+02
-3.161166928072020710e+02
-4.346584526165497095e+02
-4.895302508208755512e+02
-6.877707020609824440e+02
-1.602875770815890064e+02
-3.230878277537944996e+02
-1.517461197361341192e+02
-2.989261918949924848e+02
-3.930658938659479418e+02
-1.806874549323273982e+02
-4.464293333158336168e+02
-1.676925381976419374e+02
-2.123038657937884182e+02
-2.622232460773523144e+02
-3.257075803597419394e+02
-1.404287434119894158e+02
-3.627050610537106650e+02
-4.497164413292246650e+02
-2.189842417230734100e+02
-4.775674955095444147e+02
-6.986952514813233961e+01
-5.229387706589618574e+02
-2.269780931673187183e+02
-3.357449899405256133e+02
-7.501513261858519854e+01
-1.993661734200956062e+02
-2.221075935293139310e+02
-3.095339931655295800e+02
-3.301350155893329656e+02
-4.105367235526629770e+02
-5.509553434484417522e+01
3.226319801026605205e+00
-1.684208814429073300e+02
-2.466477171013503664e+02
-3.175711837322628526e+02
-2.283233648936054294e+01
-1.132993809961986074e+02
-1.841323098576485222e+02
1.185501139228895369e+02
-3.468998928121102949e+02
-8.356809916432266050e+01
-2.625140321840693787e+02
-2.662885041551628547e+02
2.236671719162815464e+01
-1.147107906167592120e+02
1.287283574915725559e+01
-3.161758278491968213e+02
3.577993793374174558e-01
-4.767254261932621375e+02
-1.345767908897486222e+02
1.204157748136970341e+01
-7.571259089088999872e+01
-7.529020567425102684e+01
4.982021795230750172e+01
-3.958623933508317236e+02
-2.184282122679513272e+00
8.289237761003383298e+01
-6.019311443030495923e+00
6.711310307456341206e+01
1.652229031646120916e+02
3.118036208982852031e+01
2.076658483240144903e+01
-1.754085007011777861e+02
3.537162833235130677e+01
-2.693465060059030591e+01
5.442879223414261958e+01
7.036048661146921290e+01
5.348703350324561256e+01
3.646220724030344584e+00
3.635433262447372726e+01
4.353178428088587282e+01
3.867871074368361661e+01
1.065404163478927444e+02
6.960983927828104356e+01
5.109631135721437900e+00
5.934750226488304747e+01
-1.958093498069815439e+02
2.322823682501346809e+01
-1.383879718044964307e+02
1.323751308452750663e+02
4.057253446959300902e+01
9.916831949375338695e+01
3.540399412066697948e+01
1.286711800590357235e+01
1.491437663001488829e+02
-1.368430039317678926e+00
-3.880533724211502999e+01
6.118351231030588622e+01
7.927916556419859262e+01
-4.663810938841957920e+01
-2.068608129159002829e+01
9.479060617069309558e+01
9.466132345065292952e+01
2.396915831856468770e+01
3.769022055227801360e+01
2.744020992216618282e+01
5.818291871996271425e+01
3.394874802870427288e+01
2.269755114919523464e+01
6.055681967339832283e+01
1.027216348651875251e+02
8.551853936292670255e+01
6.374337907682699722e+01
9.908306031955850912e+00
-1.226668776542548045e+02
-1.653931525933156479e+02
1.239022511661352723e+02
-1.301838875108092566e+02
6.817218184143001736e+01
2.549040036191311742e+01
9.951070161781207446e+01
7.599290374071826193e+01
8.041643062656791585e+01
3.619637857633446743e+01
-1.750282588788000453e+02
9.831633051078807739e+01
3.753073689087869980e+01
3.644913892207336659e+01
1.019227441326647750e+02
5.083558959970258684e+01
3.583296177405419769e+01
6.719091802868939567e+01
5.621471793990097154e+01
-1.629852700711659281e+02
5.947603568174517363e+01
4.279683935648422732e+01
1.060761499894205997e+02
9.634901481190100014e+01
9.507133116774059545e+01
4.848405884713980640e+01
1.124240782073261613e+02
7.227588640173020451e+01
7.445646010486599664e+01
2.936526913080288281e+01
8.083338738794451217e+01
6.591649675068538272e+01
-1.454529377481279653e+02
7.277324054795371922e+01
3.758471338835254727e+01
6.292292499214204327e+01
-2.602580518544570509e+01
1.197016447286629237e+01
-9.743399210597634408e+01
1.047033495000064534e+02
9.642401951473541999e+01
6.790898934584637914e+01
1.157074414576263877e+02
1.084523011954764513e+02
1.131376126415243561e+02
5.699273268383309698e+01
7.149379080865224978e+01
-1.063306552818949768e+02
7.521265900125108317e+01
-8.915856866930121782e+01
1.463322728361482064e+02
9.740775576087432341e+01
5.927657093848937819e+01
1.152087315538363299e+02
1.319324361883578547e+02
1.613319529917762907e+02
6.789964185827653864e+01
1.065354870814801984e+02
2.569224141367535807e+01
-1.814659581480695749e+02
-1.363133369795114618e+02
-2.053108000886239779e+02
6.524949149212228861e+01
-9.336767960401923006e+01
-5.259026830112887296e+00
8.318135663555487724e+01
8.724877459832192983e+01
1.667673958947366373e+02
-1.943171123562676144e+02
5.328409798351081861e+01
1.321680116461313901e+02
9.502184152611097545e+01
4.146481723044291812e+01
7.535006715935084287e+01
8.752789803350226805e+01
1.032370161086460030e+02
1.074134889417282608e+02
1.335668712271212542e+02
-1.381924631768947904e+02
1.519448377440351408e+02
1.081331137187509199e+02
1.383330141750450082e+02
9.659592574448151936e+01
8.937461127805909200e+01
1.240611105087347852e+02
-2.025817270305597617e+02
6.136094493070622491e+01
-1.551558537962970661e+02
-2.485869348455534293e+02
8.791066728625099813e+01
8.002681984724550546e+01
1.202729508600036752e+02
-1.518662813307663839e+02
7.851513154387585303e+01
-2.580368374935798101e+02
6.220383091369762951e+01
1.263307599630489193e+02
7.567063175122184759e+01
8.645405038515424678e+01
1.189391560870055997e+02
1.066031520327068165e+02
5.027048395547265613e+01
1.302480397316875269e+02
9.535302712141397308e+01
3.707019228025405511e+01
1.219204944300005877e+02
1.063314743009452172e+02
1.193481063840125103e+02
9.220387575429117533e+01
-4.438874714689980294e+01
1.461422232653798972e+02
9.972805339509172029e+01
1.153693505956444625e+02
1.295182099891646885e+02
8.049336669250693888e+01
1.188118816199432217e+02
6.722525443446289728e+01
1.429331487775922085e+02
9.740955534236861979e+01
8.847080098370568635e+01
6.434469167088914787e+01
7.396387753800595988e+01
4.106056993388000365e+01
6.806506323460318697e+01
6.411803430091093503e+01
6.926229750097049020e+01
1.040037024171390811e+02
7.859313993775084839e+01
1.451176156349168593e+02
1.285778671991772342e+02
9.129657393720727043e+01
4.968455615148450732e+01
6.938412583057242955e+01
8.087439899111068087e+01
8.616729797169335825e+01
1.756377926382558030e+02
1.038409945191246067e+02
1.248121929976433933e+02
1.063368526772665632e+02
8.516648763690841406e+01
1.602843703223844614e+02
1.238006359623106079e+02
1.124063991653611367e+02
1.324473771786643965e+02
1.418779420440254455e+02
9.675536297584335443e+01
1.657884864339185924e+02
4.421364112587581729e+01
1.250061310983405463e+02
1.263911905061176526e+02
1.145311814841962956e+02
1.258304474686412391e+02
1.187570023373099843e+02
9.341534578073984108e+01
1.145318474793508443e+02
1.182972894163962820e+02
1.523786046615892928e+02
1.594669369275400186e+02
1.037918944533427918e+02
1.626560539944311756e+02
1.451874624416324195e+02
1.324822361681055440e+02
1.629667135611278184e+02
1.689604184660927046e+02
1.798738909755376483e+02
1.272091805661094952e+02
7.538034513065031206e+01
1.305774917745710297e+02
1.125253881860291756e+02
1.357054742378582830e+02
1.300932660242837926e+02
1.227092702067670587e+02
1.332843617449535429e+02
1.557700598059928438e+02
4.996800744535072170e+01
-1.562347970239754602e+01
1.016213470933467136e+02
1.515020083534970183e+02
1.408786251884913554e+02
1.376953273266462645e+02
1.728334193497846627e+02
1.681947032926153156e+02
1.151846619033834003e+02
1.054058109666440117e+02
3.471367115882168264e+01
1.065068434516935838e+02
1.352807318621174772e+02
1.009027754358105398e+02
7.874633909934918563e+01
1.447706941989194718e+02
7.541410959144211290e+01
1.459518987385204412e+02
1.411264685825473748e+02
9.582303083049760062e+01
1.026205093346377595e+02
5.960560366088874673e+01
8.699298287558458753e+01
-3.019420590774190316e+01
7.112074571380756538e+01
9.611945862035427979e+01
1.294986633096386299e+02
9.747832517905365535e+01
1.478253501860025665e+01
2.751344069900713407e+02
9.907344843640802878e+01
-9.831493589152984214e-01
2.872307366782114286e+02
1.477967390581102904e+02
1.251863845577718166e+02
9.104324676361733282e+01
6.523363245243436381e+01
-8.274762308935990518e+01
1.056680620726547630e+02
1.609959524003666331e+02
-2.105177238503512172e+01
2.049690607584515192e+02
1.528432654356563773e+02
1.399306463696192679e+02
1.527545543198247060e+02
1.108550822918015086e+02
1.024152833214035923e+02
1.753199725453649194e+02
3.902529079524313715e+00
6.913505039708755362e+01
5.915635094598111010e+01
1.238703839606950510e+02
1.176449234352221538e+02
1.456830609013817650e+02
9.378921936592618636e+00
1.068730404450533484e+02
1.530525867344646258e+02
1.958341913510615484e+02
1.525422395957030801e+02
9.642349912077101237e+01
1.472354626292176363e+02
9.653138423979824267e+01
-6.764237846054587067e+01
1.341103591130304835e+02
2.449173506149370780e+02
1.318776843236314278e+02
1.089113046336127439e+02
-1.660569025761867579e+02
1.720455820231127291e+02
7.000142550005215014e+01
1.029567386674307556e+02
3.558267385579219422e+01
1.046614500421859049e+02
1.108002543948233267e+02
-4.636309405365547320e+01
-3.291525310467447696e+01
1.043802515889736071e+02
5.266169143392725260e+01
6.706358840432973523e+01
7.329083373862718531e+01
1.100277181938086102e+02
1.137951092843496497e+02
7.704635523663932872e+01
-1.824910867790887607e+02
1.001404943989385998e+02
1.014273619273285902e+02
8.492597214028299391e+01
7.952063756378026937e+01
1.424334170897661522e+02
1.050826009428703713e+02
-1.044692332488328219e+02
7.182537302536609047e+01
1.556865055299325284e+00
7.771289953543220008e+01
9.393651533081460059e+01
3.624972219875522939e+01
7.109888385367966634e+01
-8.014642481024968390e+01
-8.367460824191289248e+01
5.272119123558828591e+01
1.450623929620661272e+02
-3.190476797848283752e+01
8.998606631059928418e+01
6.325906462659531826e-01
-1.030883776819299129e+02
9.828055662979035390e+01
-6.409275447352825950e+01
1.596221257453055387e+02
1.381873802409566281e+02
8.827403469503633460e+01
1.670060738709472332e+02
1.194149588260798680e+02
8.425017664969632847e+01
-1.425985252827194927e+01
2.182975490312411466e+02
1.533101679071677665e+02
1.156536460478528738e+02
1.684943903784041765e+02
1.842238933841408937e+02
1.246239831132183724e+02
2.870734465604492698e+02
1.715534181255102908e+02
4.395478168197810476e+01
-7.850324601034941452e+00
4.111577603687592841e+01
1.510203934571829052e+02
5.376542399293856533e+01
1.997741978579644808e+02
2.815674465065793584e+02
2.712623724560779124e+02
1.149775320423048441e+02
1.587012943674540679e+02
2.102300996117712373e+02
1.532152698542852818e+02
2.650009126628127660e+02
2.827260288089933624e+02
1.555107386934551528e+02
2.855845195183411533e+02
2.847036218321673005e+02
6.728845541594864699e+00
1.485556369586676624e+02
1.681407061456862948e+02
2.484570234911481066e+02
1.017998397965280333e+02
1.018507240913767760e+02
1.133210843643200860e+02
1.092449090518560268e+02
2.774204204437824615e+02
1.093332413837286197e+02
1.238991992469165808e+02
1.171455911560534986e+02
1.450506463178239471e+02
1.978647100803750902e+02
8.014513411459151371e+01
9.313549120733452469e+01
2.076499670721001678e+01
1.323352308960056973e+02
-1.484566402906378642e+02
1.528073822164097351e+02
1.136982662107200781e+02
1.347189197566455050e+02
1.040068240814025131e+02
1.524223443062659840e+02
3.091421445919187363e+02
1.596259036372480580e+02
1.375017556784380588e+02
2.600910723500352333e+02
2.561114681281590038e+02
1.973063919395730466e+02
1.367359654780246387e+02
2.568084901326916452e+02
2.695160477876586356e+02
1.671620468622553517e+02
2.180684031573796915e+02
1.303269580010725690e+02
2.743738604212234122e+02
1.539642604267517925e+02
1.560570103731976133e+02
2.347383576731075152e+02
3.003917597850194170e+02
1.349290713351497857e+02
3.010507553294182799e+02
2.555601609069197764e+02
2.052468231641896068e+02
2.409816232469423198e+02
2.694482818532341071e+02
1.279169932378108570e+02
2.440771103135696762e+02
1.304179061179324322e+02
4.118515453733937193e+01
1.269790314550959636e+02
1.356625056809723162e+01
2.212881679133074613e+02
1.050689924549448619e+02
5.948495697430067253e+01
2.612397982925499491e+02
2.274150393877369254e+02
2.491558780441576175e+02
2.552240671228734357e+02
2.815262872605222242e+02
2.540118760141248231e+02
2.892592645351113561e+02
1.324686296089369080e+02
3.138338678375113204e+02
2.818707020924482549e+02
1.088145299201599556e+02
1.052562586166152414e+02
2.596060710131728797e+02
1.680664675420503329e+02
2.661425462554076375e+02
2.861052780778043712e+02
1.099522534244299266e+02
3.107587898072523558e+02
2.391056549453178945e+02
1.723103933904096152e+02
1.461467974630363358e+02
5.210119807578939799e+01
1.561189129647119103e+02
