-2.865781042597109831e+02
-3.627219853315892806e+02
-3.895585968676960533e+02
-2.311861194780598794e+02
-2.965667616144307885e+02
-9.157279187110775354e+01
-5.230994209692403274e+01
-3.064662559958729844e+02
-2.533937598014913704e+02
-4.389285707550699271e+02
-2.216559172773914383e+02
-9.442270511934478350e+01
-1.304518965287392973e+02
-2.035011581649108336e+02
-2.178415176139947107e+02
-2.846344169858696205e+02
-8.008727172479294154e+01
-3.122050567236987035e+02
-4.742434669880976799e+02
-1.476365970616971310e+02
-2.231946956175777359e+02
-3.299418284239851005e+02
-8.018756485417813451e+01
-9.971110803261566957e+01
-2.846645232526366840e+02
-4.954924198852391726e+01
2.664876478510149127e+01
-2.590720291708014429e+02
-2.418528889967573150e+02
-1.283753976005982906e+02
-3.509071022598405989e+02
-1.173611729122934406e+02
-1.114850611822109272e+02
2.746546412202004461e+01
-2.423588496123839491e+02
2.305192079805395267e+01
1.237253806296342731e+02
-8.267549743497349368e+01
1.245043460383731571e+01
-2.622533326614679439e+01
-2.339163113985920290e+02
-1.787717192215233126e+02
-1.729577001145514146e+02
3.885439867934137226e+01
8.059276963549700667e+01
-1.659353963499227120e+02
-2.357176770212319923e+02
-1.877429152760470288e+02
6.017851318628827073e+01
7.666772552684636821e+01
-4.217575507492583853e+01
-6.978291564356990051e+00
-2.710746771184344652e+02
4.524930446214733593e+01
2.376084639513494778e+01
-1.297665496833102168e+02
1.671172046919179479e+02
-2.112701787897516965e+02
8.106536722471457779e+01
4.232499761127440507e+01
-4.199800263645205867e+00
1.272774420838536003e+01
7.765554105110281569e+01
4.004085479635530476e+01
1.589134894908842632e+01
3.922940072498577280e+01
-7.220150402980500814e+01
2.706645663968910398e+01
5.320019755065438005e+01
-5.329768848076984256e+01
2.746412547062686826e+01
-1.774780877519167746e+02
9.244125297841126354e+00
-3.990047832316811594e+01
3.341919685895710046e+01
-3.033978010049669649e+01
4.675084964186375913e+01
-8.867223379489833235e+01
4.691468071073975921e+01
9.166212246294094257e+01
3.210781462044515422e+01
-6.107975549507158064e+01
-1.267393097766420453e+02
1.156909122533022440e+02
-1.080601885496852361e+02
2.422510092022637807e+01
-2.500898655836280113e+02
-1.651365784266401704e+01
-9.818518462685244685e+01
-1.767609351688667800e+02
-1.193974930606030966e+02
1.204244532960829872e+01
-4.018813394580793386e+01
-3.706362779608251401e+01
7.362656521878665217e+01
7.456344055750042799e+01
1.042764523439108473e+02
-1.018231370615174427e+02
-8.893341536536837566e+01
1.026381255176274863e+02
5.533794096606053614e+01
8.301414773824734539e+01
-1.956370299933622903e+01
8.539234660896710238e+01
1.091628964748731931e+02
3.951799358241154891e+01
-1.584615492442250684e+02
1.017070657532121629e+02
1.036595007780560707e+01
1.220627755586445744e+02
1.308452688630039233e+02
-1.051058905552893776e+02
9.628698977546899584e+01
1.187270123262352115e+02
1.031554578982332657e+02
9.432815553182213364e+01
-4.189497826757471444e+01
1.287672477290792017e+02
-1.338115075320253311e+01
-6.682464430104096209e+01
1.131855958853014101e+02
1.201450189562868758e+02
-5.258341178748025868e+00
6.156031971578354955e+01
6.252238963354366774e+01
5.969028457321643089e+01
4.333651395600787026e+01
-1.153110418372974664e+02
-8.850293676405659937e+01
1.495663264499873151e+02
9.800205763957498561e+01
1.213769826434827905e+02
4.419488238640811062e+01
1.708142616441175932e+01
1.661784260618463236e+02
1.697130309285465444e+02
1.469428898335083602e+02
5.815277147002198888e+01
1.063209739736872592e+02
-1.656626202505704555e+02
8.480485517875118262e+01
1.516623717926323707e+02
1.748765756688774502e+02
-1.029566422685647353e+01
1.749341796211789415e+02
1.095753901387060125e+02
9.493479493788817081e+01
1.374104746531749299e+02
1.426948399050131115e+02
1.461786740693805200e+02
1.308587919806435309e+02
1.589420124206746436e+02
5.338911099977481456e+01
1.423033051333448498e+02
-9.118856777219750143e+01
1.548644793533542270e+02
1.485442356196213609e+02
1.819007663263082861e+02
1.494979224148067942e+01
1.178677260455632307e+02
1.785915960959778204e+02
1.149299578040021004e+02
1.762555460150021247e+01
1.483885253402557964e+02
1.175183359443999933e+02
1.581557432667352430e+02
1.532760677885512450e+02
1.657298272990454677e+02
-2.842609166384215769e+01
1.345637556666823116e+02
1.358414975669290925e+02
1.438208222111361749e+02
1.043133869331941810e+01
1.174040468533971335e+02
1.592170609181235079e+02
-1.089341389060830636e+02
1.336049135042128739e+02
1.323833759602854911e+02
1.363534824152829117e+02
9.065841144897449055e+01
1.292941606832592356e+02
1.514449171290856100e+02
1.155702096368448935e+02
1.902218279824866443e+02
1.964874679725018609e+02
1.409169754901344902e+02
-1.830646023206563200e+01
1.928155114745408980e+02
1.424483299560177727e+02
1.443335099927695637e+02
1.807785001796498534e+02
1.471056049407818875e+02
1.158310474698838988e+02
1.233865531727142724e+02
1.433786306932659329e+02
3.077164830037676779e+01
9.451940360362570459e+01
2.371769697878919203e+01
1.540933851080024510e+02
-3.208299165502221229e+01
-1.096875774839674023e+00
2.873833707703951745e+01
1.374012619819914960e+02
1.032342123755150283e+02
1.337214302703618500e+02
1.937996492980850007e+02
1.116269958189923557e+02
1.476494958924880905e+02
1.229482130605199757e+02
1.449482161669307345e+02
1.464144221725300099e+02
1.883301906204885654e+02
1.732589271046679755e+02
1.956773496436747450e+02
1.664046866791198909e+02
1.369969208308942541e+02
1.463573242742271248e+02
1.411774182658747918e+02
9.119500987801170311e+01
1.355465585594266145e+02
1.493584503951768170e+02
1.823021668923429672e+02
1.336648845623602710e+02
1.500779846706715830e+02
1.281977931709731138e+02
1.851287684694070776e+02
1.131360161016341692e+02
1.397755447371055766e+02
2.406304089304239824e+01
1.725591121635798970e+02
-2.822209763399001758e+00
1.733378048749851814e+02
-4.096181383207793658e+01
3.566417723829701458e+01
1.544411430120386512e+02
1.303937095505099819e+02
1.526717465002220990e+02
1.807196477452009731e+02
6.969366183423090888e+01
1.322562844692174906e+02
1.180715129899051590e+02
1.553867069145865401e+02
1.838029694857101504e+02
1.801321972274303391e+02
1.488895343771699800e+02
-2.276725288368312761e+01
1.419696536754177600e+02
1.413649865226911118e+02
5.089081723033828553e+01
-1.323286920373618329e+02
1.365071676223318775e+02
-1.989210368462776160e+02
1.600780129991020146e+02
1.679940450360387558e+02
-8.085908255865732031e+00
1.642769955200965057e+02
1.507049989883341539e+02
1.467632532789199047e+02
1.527603046611984894e+02
1.447805191174399795e+02
1.408853583272883156e+02
1.724353368254412544e+02
-1.425823515055492408e+01
1.324393067294071500e+02
1.873724417534415068e+02
1.419708255477894738e+02
1.863842483427621914e+02
1.472453613951336990e+02
1.493397377479926718e+02
1.564352269478906692e+02
1.709270795539894152e+02
1.204120016179251849e+02
1.400087098839811972e+02
1.323780528009183399e+02
1.585322299017263674e+02
1.191884302952096704e+02
1.519537202075768221e+02
1.406350569728040227e+02
1.610486691479696901e+02
1.420441082780921533e+02
1.135756245491420060e+02
1.305323408344481493e+02
1.993586120601938774e+02
1.654498336308334956e+02
1.234911560849038068e+02
2.579150055172297584e+02
1.345926529715334539e+02
1.751776665714550631e+02
2.460182429402877915e+02
1.493040994762409923e+02
7.669939774633186857e+01
1.213912725373866408e+02
1.023758641875892721e+02
1.309973851274095011e+02
1.691585357941517316e+02
1.862773279688679793e+02
1.613749613121244977e+02
1.849221028229032981e+02
1.403431851254006233e+02
1.302982488107951440e+02
1.440725340307925819e+02
1.334244981240067887e+02
1.718088766408985180e+02
1.229099721184910834e+02
1.645558612737134752e+02
1.379267038565035080e+02
1.029975863877457982e+02
8.929521439132720673e+01
2.660055089244315809e+02
3.104752843862868872e+02
1.537332163945934269e+02
1.819335394873234861e+02
9.231104595904608345e+01
3.035284991254707165e+02
1.429132154537130361e+02
7.737516523343599317e+01
9.262366506391350640e+01
1.456395716869120918e+02
1.878234055534747995e+02
1.487233683582427375e+02
7.451853008530741818e+01
6.288988806986873215e+01
7.317128572683331811e+01
6.707526793272330679e+01
6.824430962558473368e+01
4.838203046180032629e+01
8.468958505916457113e+01
9.148769761093704744e+01
1.367569285177101790e+02
1.635627658705426768e+02
1.904264370586950008e+02
1.790563043490608948e+02
1.448919349961125249e+02
7.258975104466036044e+01
1.761138116588502385e+02
1.272095176339456657e+02
7.436147369173461641e+01
7.373648079841368030e+01
1.000958703866565713e+02
8.969568986823328771e+01
1.546695722040975625e+02
1.291417938403119479e+02
1.325015882884825658e+01
2.092486759479494367e+02
7.848879895323122469e+01
1.424291127521867395e+02
1.771523799024654977e+01
1.758446139421344014e+02
-4.807368173564427138e+00
6.838912964223422364e+01
2.893754571683080030e+02
1.129340112005806560e+02
9.000049041757753798e+01
2.054888643420344465e+02
1.299038341181132807e+02
1.045472790831835255e+02
8.954230220972982579e+01
4.841292744627492084e+01
1.599902647779518361e+02
7.372588638633600056e+01
1.313012241531862401e+02
4.218761875024280528e+01
1.168910685425156828e+02
9.269746985014040774e+01
1.803212493906782186e+02
1.620766392912236995e+02
5.097534036662622725e+00
1.379914633394909629e+02
3.863934879178015080e+01
7.810314503621964377e+01
5.793720204488471381e+01
2.707588612583712688e+02
9.550870578433158187e+01
3.200697264136788363e+02
7.794883450812641001e+01
5.837773283235273425e+01
3.743295397429886862e+01
2.370256378925242018e+02
-5.070896558425067724e+01
2.993032480166154983e+02
1.056758286113571614e+02
1.683604485514539135e+02
5.786323102521743067e+01
-1.156324799849211757e+02
2.967045753829349337e+02
2.774737500975396642e+02
2.087146431602209589e+02
1.224818542133717756e+02
1.298371647732864176e+02
9.032031559358671302e+01
7.984187191162186537e+01
2.687911987941283769e+02
1.876658886250434080e+02
1.025272228252512008e+02
1.285189242272246588e+02
5.311554624606036157e+01
9.216664930161800839e+01
1.370195407665593450e+02
-1.227986394346027623e+02
1.107274775719939583e+02
8.346266516362223342e+01
2.634674644497150098e+02
2.773980783377767239e+02
1.134258162324566825e+02
1.035468448875835605e+02
2.867023971853124067e+02
1.983206919924975296e+02
1.337094941168174671e+02
-1.708785694544216085e+02
2.614876639658137947e+02
2.239863934331424389e+01
1.383740843090645001e+02
1.018389446442389925e+02
1.377452978554304650e+02
5.588335321420458968e-01
1.047522699687389576e+02
1.260380173488004516e+02
1.048268379835669037e+02
1.004254065574109660e+02
-1.352402966022433191e+02
2.475902296501219553e+02
1.434553622761989686e+02
2.732825483517510179e+02
1.279175615894426983e+02
7.530939374075336445e+01
2.444491116129644581e+02
1.545662892364809125e+02
2.664889809038561452e+02
2.930549177060190686e+02
1.323485692676783287e+02
1.419212242527330829e+02
1.161849029272147931e+02
9.179633150632385252e+01
1.152174725107002189e+02
1.590824794051849835e+02
3.114405562341271434e+02
1.285435396176707172e+02
2.380752259618762423e+02
1.017330483844107221e+02
5.637898341912199385e+01
8.622940844037773900e+01
2.853781093570362941e+02
5.987579087061179450e+01
1.449238358092304964e+02
9.588533489367451068e+01
6.364334551947221996e+01
8.205511566173557014e+01
1.837763219812024431e+02
2.482750647855429236e+02
2.504308658602504636e+02
1.215120972767977463e+02
2.492233639289087819e+02
2.685362771609616743e+02
2.966797737005717863e+02
2.479346974719683203e+02
2.586117288121845945e+02
2.728648721500791225e+02
1.001775985878569628e+02
1.619715758292258556e+02
2.412523571759213326e+02
1.267392051843005305e+02
2.611163575956030627e+02
1.420865708846168332e+02
2.739474209247327963e+02
1.949291635006057959e+02
2.176440507233223443e+01
2.640384296210081061e+02
2.623229336407813435e+02
7.700757927581892659e+01
2.789651844971712080e+02
9.498087829287145212e+01
2.784082138763224066e+02
-8.860591492633736266e+01
1.066209052854885897e+02
2.544550718946310610e+02
1.156804173447377764e+02
1.685133336946654197e+02
1.151054377961469442e+02
2.983265072364678190e+02
1.128692434913589011e+02
6.276789166231975514e+01
9.077885621189454923e+01
4.439361412162462983e+01
2.747008786296457856e+02
8.942534251840493198e+01
2.583844710042245651e+02
1.757397274600939170e+02
3.004664849648196991e+02
2.823081342958347477e+02
2.515663502127738980e+02
3.293291096900448451e+02
2.830772546975941850e+02
2.817744691056943296e+01
8.528128718810503983e+01
2.227180625817287591e+02
1.606275580691905702e+02
2.758799463007377426e+02
7.377354195460289077e+01
1.422097644514801118e+02
2.334257866319562424e+02
