-5.200339647913851877e+02
-6.806404371793972814e+02
-4.260397096978801414e+02
-2.419771491310155511e+02
-5.477944871403190064e+02
-2.019901154360808846e+02
-3.002878558219454135e+02
-5.851801170627038573e+02
-1.394687275959025783e+02
-2.408565999250466803e+02
-4.386588530360290861e+01
-3.584677501151376759e+02
-2.006426586665713216e+02
-2.906911327024651541e+02
-1.224918055760529114e+02
-5.067073181770512633e+02
-3.645979817445050344e+02
-5.524602398067653297e+01
-5.675768287062518169e+01
-3.544526278368306293e+02
-3.658739877776960725e+02
-6.262284840183651795e+02
-3.335186069362027865e+02
-2.683488895829889316e+02
-9.468747002036957383e+01
-1.717569896473483482e+02
-1.222297432317441377e+02
-2.065992940390949286e+02
-3.191201454790247567e+02
-9.351118375728472643e+01
-3.761767383684506854e+02
-1.894367037565596092e+02
-2.627282138470989139e+02
-1.437772747478436486e+02
-1.362668213064273743e+02
2.492414622578799310e+01
-1.528746614615903923e+02
-3.626733837555259470e+02
-2.145595532496632813e+02
-2.714439087383559013e+02
-1.998074170801831144e+02
-3.272837047620838575e+02
-2.533070228107445416e+02
-6.529981636612470197e+01
-1.382620888883751604e+02
-2.110509966278435456e+02
-2.932825790455490278e+01
-1.959956467731105931e+02
-1.883562266141651520e+01
-3.563101748010579399e+02
-2.948092737476576986e+02
-3.444380128310276490e+01
-1.672120598032153964e+02
-7.851834963687976199e+01
-2.694163287392889856e+02
-1.575199746874968199e+01
-9.149501407992111979e+01
-1.684933645879552842e+02
-2.455616188921178775e+02
9.070202771397320873e+01
-2.324478366258956328e+02
4.049724623377180421e+01
1.215254835759746754e+02
4.924758117689091819e+01
-9.559951614992078817e+01
1.935938242861868730e+01
-3.258904948784509514e+01
5.031222125134715384e+01
1.222923771156320498e+02
-3.839936895940473960e+01
6.724090967738361257e+01
-2.815429500545928931e+02
6.433835547920500630e+01
-1.419933657636759108e+02
5.986832245325121704e+01
4.292226042242543826e+01
-1.533126313155767946e+02
1.092868707464722888e+02
2.653830372277463567e+01
-8.451041660188120375e+01
2.064883637922531889e+01
8.550137597545999313e+01
-1.157719831179672525e+02
-2.210700877242255160e+02
7.039632537427431203e+01
9.480965536175408204e+01
-5.359384611156026779e+01
4.541334391502425660e+01
5.201045693940042725e+01
8.961848307757803411e+01
4.267604828021762842e+01
-1.234504133585217716e+02
6.418584673509873539e+01
7.922735309485385358e+01
2.269926832499933766e+01
7.774132287830919097e+01
-1.203086704656777783e+02
8.901436290904443638e+01
6.316209433922480798e+01
-7.510312233845233720e+01
2.688261362920316699e+01
-1.329788448014129756e+02
6.534935585878737641e+01
5.815186806633553829e+01
6.629655525562377250e+01
3.465076345398114199e+01
4.168881734976406506e+01
5.713045162547355460e+01
7.891003652146633840e+01
3.136698574127278505e+01
9.728620057959197709e+01
1.456159895195977754e+02
8.400382522104703753e+01
6.161802942546265172e+01
5.567806763959601568e+01
7.076751073983916740e+01
-6.496943251933949171e+01
6.751442523229415826e+01
7.383800230767997164e+01
6.206258046961205821e+01
-6.038529799985383306e+01
6.286354679373869914e+01
9.104802675038423843e+01
8.606219641156150146e+01
6.705736287823189912e+01
6.179836019288494953e+01
-7.778837217349220623e+01
9.777466995998200616e+01
8.813962737399442915e+01
7.713707046261913547e+01
-1.504134827757157495e+02
8.483826570041918558e+01
8.126379995779528542e+01
-1.139418186222152514e+02
7.726539787665907966e+01
9.127161786419952705e+01
9.683612649927002280e+01
6.286620922162346403e+01
6.501746694438756435e+01
8.583737911737301829e+01
3.005819096933357315e+01
9.209336994063770021e+01
-8.036388080715306614e+01
7.789491960821281680e+01
1.563612615584911509e+02
3.944812733018421369e+01
1.166476693203767496e+02
6.399260688332635993e+01
9.010204996780083775e+01
-5.047002000815797373e+01
3.462208945543267191e+00
4.296565349278942136e+01
-3.098167451717228005e+01
1.096854717806872230e+02
1.105550468353854399e+02
1.474045394367094275e+02
1.137719972448009855e+02
-7.120212387029397405e+01
6.698956491680763747e+01
-1.091188986644335870e+02
1.298154833889820452e+02
7.647770986655955028e+01
8.442733446294772648e+01
-1.043749367880301122e+02
1.604694518026751382e+02
7.634349698665405981e+01
1.083791186826934450e+02
-5.168382111506279131e+01
1.122685950510347936e+02
9.999146630384146306e+01
1.250229073567530662e+02
-9.453015299460611232e+01
5.399524306382877370e+01
1.198166870860743387e+02
1.260341752741431236e+02
-8.154269844527165390e+01
7.110811201893318412e+01
1.240891527735768278e+02
1.348046053018111650e+02
8.579055287439452115e+01
1.530698697905587551e+02
8.368087318289094867e+01
-1.433245878262156623e+02
1.374650136607538400e+02
-1.073410378017071594e+02
4.257558698269835418e+01
1.148272162525238826e+02
-1.152853088450629571e+02
8.752802091178794797e+01
1.464957186613731324e+02
1.465897694711013912e+02
1.313087171275100218e+02
-2.700703791249607093e+02
1.204120401358836006e+02
1.309124773297227193e+02
-2.024394845736525212e+02
6.309601485577388758e+01
1.329133482446590904e+02
-1.927641852819894552e+01
3.174861957959932113e+01
1.471612544555657678e+02
1.585408742480484818e+02
-2.545392013784111782e+02
1.676098119993548039e+02
-9.542094433361742745e+01
1.951300231446251132e+02
1.667712755931305537e+02
1.549291474990051825e+02
1.831559829123328313e+02
1.157809088036594716e+02
1.225842626686849428e+02
1.674057464701970446e+02
1.674116475087013498e+02
1.415996141995854600e+02
1.409022801372112781e+02
-1.572677764018069411e+02
1.829958261845882532e+02
1.200014955079849273e+02
1.125026398976520738e+02
1.438037382345590345e+02
1.368837731771423023e+02
1.574683003972389770e+02
1.237157635146049870e+02
8.956511139515680497e+01
1.685944282078511094e+02
1.480723181474208729e+02
1.380754220979169986e+02
1.635372214746402335e+02
1.301287692133055884e+02
1.628153835489927417e+02
9.244005920369002638e+01
1.705755094865526473e+02
-2.003222146197885536e+02
-2.103047021704666122e+02
1.289644426118101421e+02
1.789287953483337503e+02
1.020249200199927628e+02
-2.428062010978831040e+02
1.818741910780910587e+02
-2.262016087147127905e+02
1.655796784790686047e+02
1.520285709188875103e+02
1.391483063540783007e+02
-1.356570493958893167e+02
1.095837214910130371e+02
1.905808055242438002e+02
-1.515829750171708667e+02
1.048949890110768024e+02
6.764457935113375697e+01
9.994705032106928400e+01
-2.344848338586145076e+01
-1.963880789324279590e+02
1.625718305507014634e+02
1.768565924398807283e+02
1.777328193265171024e+02
1.404926186680173714e+02
1.860378849863076880e+02
1.585545662440004833e+02
1.989236807705338492e+02
1.484974531142794092e+02
1.169507367338568571e+02
1.826456277422889798e+02
1.686774353835238571e+02
1.687410555147598927e+02
1.510951735947492978e+02
1.121501987745781435e+02
8.194818564766332258e+01
1.297410987648641765e+02
1.371163243364035793e+02
6.541324332649236339e+01
8.331243854327540532e+01
7.581076864474368904e+01
8.955712596219828470e+01
7.502989760270855868e+01
1.203017681419423184e+02
1.620939163261808176e+02
-1.610802948874807043e+02
1.076704786365216648e+02
1.078612523848445477e+02
8.574002319992553112e+01
1.765401353028285030e+02
9.426191787970282121e+01
1.372384500959564662e+02
7.066146150638871859e+01
6.773644139353783089e+01
1.280690579874583079e+02
8.010541323687608894e+01
9.873461221712585711e+01
5.554276899150324454e+01
1.667296269344194570e+02
1.429125334533246985e+02
8.997244033905529648e+01
1.321631404250282458e+02
9.486546320813775424e+01
6.687948769054966647e+01
9.175395009157949744e+01
7.437453342943605605e+01
8.540510189279848419e+01
9.512287605348433317e+01
9.598209212462367645e+01
1.003542705512307549e+02
1.086421242561925311e+02
9.148950275272338217e+01
6.470108852337111216e+01
6.866704737220553056e+01
1.256339438211949613e+02
1.025580662728492172e+02
1.020248599539927028e+02
5.320564907734913618e+01
9.249660101370007226e+01
1.276948033278259516e+02
1.227058372214726205e+02
8.092103571997277811e+01
1.753837186924767479e+02
1.325835809858422465e+02
1.053526095288296602e+02
1.054191222078377734e+02
1.716003269474921638e+02
1.903417265560161411e+02
1.113148084369260715e+02
9.164753599362661873e+01
6.770623475319649742e+01
1.546898611255751348e+02
1.048724360178328681e+02
1.428045776347634046e+02
1.104420825386382461e+02
2.337902187903955280e+02
1.292380229382644643e+02
1.759514980123982184e+02
6.502887084676220297e+01
1.133944407623536108e+02
7.005947606903802694e+01
9.043809084016650957e+01
5.063818121500384706e+01
8.335137394029092661e+01
1.204826863149433507e+02
7.611987787655721149e+01
8.704669109975253605e+01
1.179808251210218515e+02
1.052874675493472694e+02
1.146587082798237844e+02
-1.162200758987930271e+02
6.066820985956939438e+01
6.737523678279997341e+01
7.498182268138887707e+01
8.969386781366928574e+01
1.001260031591288708e+02
7.176579879248561156e+01
7.342132086615907838e+01
8.897753320869836102e+01
1.297609924118984850e+02
6.122329317587418984e+01
7.757338290903031464e+01
7.876255888647006032e+01
5.869112652095225258e+01
1.251352857469958622e+02
1.251659701262270801e+02
7.665911060312087955e+01
1.268742657730928016e+02
1.550392671069281789e+02
2.999021056483796244e+01
-8.706581116989870850e+01
1.051246261633547334e+02
-5.670300848697418417e+01
3.349923112551053350e+00
1.458277593245750836e+02
1.345819326394987456e+02
5.527163540740291126e+01
6.546752234093945333e+01
5.429930908312955751e+01
1.078195169537321476e+02
3.941667073987703418e+01
3.783136365127018763e+01
2.132319830371051950e+01
3.527831508774447400e+01
1.154619834447036624e+02
7.186669387256063146e+01
-1.887413609009570337e+01
-3.838620847517316292e+02
1.358881251034448496e+02
-4.594895566741881510e+01
-9.114756817286941271e+01
1.684895148398346123e+02
-1.691994262633068047e+02
-7.188168472689116584e+01
-6.422684827459448798e+01
6.735092899573118075e+01
1.612226164688350423e+02
-6.730863525208731346e+01
-7.442817977532413920e+00
1.192579743430499377e+02
6.304430359240598136e+01
5.833572696293011006e+01
1.360680737132499587e+02
-4.309333658208741014e+01
1.211446672979288053e+02
-5.847341881252671669e+01
-3.937250308280392375e+01
6.493922138911688080e+01
3.908223815470876161e+00
6.303304683636177685e+01
-4.090277324904157297e+01
-6.909202114870176104e+01
1.535309028043883757e+02
4.896325047034514455e+01
6.612495818005216108e+01
1.264842007926566936e+02
3.890568851170090170e+01
-3.835497331994395154e+01
-2.587230610776789774e+01
1.453899191490837666e+02
-5.268740918602858869e+01
4.647942208735240399e+01
8.394627797455063956e+01
6.772996788485747288e+01
9.738896552972094867e+01
1.646559766951689596e+02
1.341894137444651847e+02
7.885809652717733798e+01
-7.290464444971318869e+01
1.330918359670448581e+00
1.316651651952033717e+02
1.087374740336214245e+02
-6.970099935948564962e+01
-1.891321788531708705e+02
2.067922054746972265e+02
1.125857653127807936e+02
1.007480171371337860e+02
2.801972381146319435e+02
8.526088258992223246e+01
2.859881956683267390e+02
1.824785372020489547e+02
1.231704334974904356e+02
1.519529562685222004e+02
1.838709236368828499e+02
1.595468797036250237e+02
-2.885487645309808613e+00
-7.499602470726814829e+01
-5.856801243558042813e+01
2.727825890185462185e+02
-1.414960029701944677e+01
1.474760687288046199e+02
2.607895011915429677e+02
8.377446544546293694e+01
1.024751645387177632e+02
7.697654311196940569e+01
1.155377181154727850e+02
1.323262304916200094e+02
1.696306385086140551e+02
9.050283265850900705e+01
-9.233541372776782907e+01
2.540126879989557835e+02
1.491260856823269307e+02
2.876609390922077409e+02
2.532428203769053994e+02
2.830169070462659420e+02
1.618556292202395355e+02
1.538960272238219318e+02
5.795427628142627441e+01
1.357078276263277701e+02
2.912566559881266812e+02
1.095883989491320563e+02
1.139125548237426386e+02
1.419387452391822819e+02
2.852719294424107943e+02
2.745541625648903619e+02
1.486536226741620510e+02
1.093184461019319826e+02
2.751572594534589484e+02
1.174242718593115171e+02
1.048924004025521981e+02
2.404145682494467735e+02
1.686200286121710405e+02
1.005443852128158682e+02
1.537649832698074874e+02
1.318639654172237101e+02
4.173888263240840502e+01
1.547283489387693010e+02
1.807258942297379178e+02
1.293260984653059893e+02
2.647637571838295116e+02
2.526889638590252787e+02
1.380444153091870021e+02
4.241571942632020864e+01
1.643037055651597029e+02
1.275933469376682723e+02
8.052200384077116269e+01
-1.743387435191064583e+02
2.693923360023992473e+02
2.306289260803864920e+02
2.956023099740931457e+02
2.639158135315374238e+02
2.808578586307983187e+02
2.579303959518775855e+02
2.849413015050841977e+02
2.423822210345916517e+02
2.230438398108247497e+02
1.561708163691126003e+02
1.247290989374759107e+02
2.338841355533647857e+02
