-3.808129463007030040e+02
-2.827821212086036553e+02
-4.787976130691920957e+02
-5.255417797186466942e+02
-1.979587856653467668e+02
-3.899720335301501564e+02
-3.169432470141875910e+02
-2.183026661773104138e+02
-3.914758853689383500e+02
-3.128314367517110668e+02
-5.090191669809548785e+02
-3.884413372769463990e+02
-1.531130878226582581e+02
-1.075098736653393843e+02
-3.535645669437701599e+02
-4.441130071797070968e+02
-1.397286851287997251e+02
-4.751522055725440055e+02
-2.879112372744222625e+02
-3.573945205312677444e+02
-2.362758997205578169e+02
-1.665104031176886679e+02
-4.339786076277190432e+02
7.920056792592023953e+01
-3.700650176635644470e+02
-2.219608251081869525e+02
-1.302775572056806652e+02
-1.680608113411259410e+02
-3.801347408700316350e+02
-1.064571284011213947e+02
-1.417591105648160124e+02
-9.223558928213577701e+01
-2.233460534703732776e+02
-8.068599435700312483e+01
-3.758688372178881991e+02
-2.129511813214895142e+02
-3.551276749810961064e+02
-3.789957748602026300e+02
-2.169852758478558599e+02
8.079630217963239147e+01
-1.944098266883716519e+02
-1.459640514951610157e+02
-1.312311854606275574e+02
-1.735291243887353403e+02
-2.499417555704736458e+02
1.070158956412274023e+02
1.452815683794642609e+01
-2.338873020416566533e+02
-3.257744994703280668e+02
-1.661353188336796549e+01
-1.043226758570637358e+01
4.593628584108896185e+00
2.043399211939272320e+01
1.394100674132070310e+02
1.196866521276500706e+01
-9.041800742253624890e+01
3.485763600527465655e+01
8.377413424441304812e+01
-2.418558989606052876e+02
8.830794336027283009e+01
1.735284826064446451e+00
-2.484942688247365083e+01
-2.881690668254310594e+01
6.497017992945889375e+01
2.494107141982635767e+01
-1.252398306124011107e+01
1.129969100084224465e+02
9.377918635526528135e+01
-2.448436909916994253e+00
-1.413184905777377764e+02
1.360512118471679166e+01
8.212679279697994161e+00
1.024325504426071518e+02
1.472784899280047455e+02
9.710205881569923747e+01
1.498179235818715824e+02
1.701410400410340173e+02
-2.976994502325522163e+01
1.510684579544346740e+01
-1.353366564279195359e+02
-3.237082038063476119e+01
5.683920691365797495e+01
6.337587715592643178e+01
4.787920256734823710e+01
1.011924434033591069e+02
6.262823991500689402e+01
1.719572347153194514e+01
2.807184231980613731e+00
8.066384699169745431e+01
8.544238536543484486e+01
9.056187138919517565e+01
1.295449269036577107e+02
1.194726082954564390e+02
1.015135325216266438e+01
1.323931786545250020e+02
6.396797025783649815e+01
4.609729476527630254e+01
-3.154724820800112184e+01
-1.030338576717798702e+02
-1.355785057982344597e+02
4.908563910424484789e+01
6.737702247267885980e+01
-5.822120451748091341e+00
2.033545345657078940e+01
7.524390071748025832e+01
4.357868024359461145e+01
2.127307894989069581e+01
9.450306465199039962e+01
3.084648764782344799e+01
1.093502993648460944e+02
9.544242905589221948e+01
3.253829560815390209e+01
-1.595603902499764217e+02
1.068908807081457013e+02
-6.160126877114805666e+00
-1.939300942900911195e+01
1.638645446824864678e+02
-1.030049035210630706e+02
1.528737504853282871e+02
1.136905652635548734e+02
7.786655306159147472e+00
9.193061981467326405e+01
5.302247436927525825e+01
-1.163740316937333006e+02
5.558787162225952727e+01
-1.314403750850890162e+02
-1.263407723232159157e+02
-1.505504127182134084e+02
7.710206021271262955e+01
-1.555660729235017072e+02
1.031972935032998038e+02
6.563435699621173569e+01
-1.273520796541462232e+02
-1.707936076914961916e+02
4.846344775167258945e+01
1.028348721202663114e+02
8.913712799512966001e+01
6.059390167072430700e+01
-1.661160609804880437e+02
1.332585287052664853e+02
-1.458531025369462668e+02
1.171579255429366953e+02
1.067640416480443690e+02
5.964441683005138373e+01
-1.171431710105801471e+02
-1.700693770286636379e+02
1.002471676192742081e+02
5.395978124843777124e+01
-7.433557630162367502e+01
1.194311845105785750e+02
-8.012707991047356870e+01
-1.462276871790772361e+02
8.863317064556140679e+01
6.955765975593590156e+01
7.581191238286210421e+01
-1.776067258654326793e+02
1.489786230515576335e+02
8.502309163616348542e+01
8.499886682257235293e+01
-1.070402859387721008e+02
8.157465555579659622e+01
-1.275678446358132021e+02
8.615125036049266782e+01
-2.071691509646056488e+02
1.179082544179889567e+02
1.222349569073419957e+02
9.750463040131015191e+01
-1.483392214382308794e+01
1.867707657570420565e+02
1.711007507940566654e+02
-9.248315777754271494e+01
1.778802144754124583e+02
1.042480593029162890e+02
1.044161977914325092e+02
8.497507938777359016e+01
1.420188264155661102e+02
1.429909971222483591e+02
-1.600091228332945548e+02
1.658049659326309211e+02
8.784956404323042989e+01
9.899882302779550969e+01
1.023205672528188899e+02
-2.323805384724595626e+02
1.453333838471014587e+02
1.223113453213485400e+02
1.196912550416068513e+02
1.179618612120543446e+02
1.089453921728787975e+02
1.011338626746884870e+02
1.032233074858681618e+02
8.560965733737154437e+01
-1.470025078649254340e+02
9.765719225933226255e+01
1.310696309107927391e+02
1.340790942034606132e+02
1.080262190836251648e+02
1.524126974456298456e+02
1.292611145097470171e+02
1.692369703435644226e+02
4.182907733432907094e+01
1.502723079511873721e+02
1.427439311929119015e+02
1.455383743029378252e+02
1.601986150688611872e+02
1.014506526530527282e+02
1.122911230209936093e+02
1.471508400091552744e+02
1.756935737802214703e+02
7.788531616913087419e+01
1.424955235134334828e+02
1.286057409209677758e+02
1.183567354665645723e+02
1.235960059857250286e+02
7.687666436671491965e-01
1.456176399879400378e+02
1.312353401077384092e+02
1.292345711015342431e+02
8.108454300708747553e+01
8.239178528976206906e+01
1.489437608780918367e+02
1.737186715345913797e+02
-1.382977271764988814e+02
1.406398231568037431e+02
-9.204654963043054750e+00
1.205516978688329601e+02
1.381611741568637797e+02
5.618238717318320141e+01
2.836350302562664183e+02
1.962444881267185508e+02
1.265362901411592418e+02
9.934856659205375706e+01
3.660893282213271505e+01
1.579917010852406634e+02
1.831667327246788375e+02
2.014729478770438220e+02
8.449998070085536028e+01
1.345427356563428418e+02
2.296936026711110514e+02
1.684045226915334865e+02
1.598936286707196643e+02
1.079113848033750003e+02
1.344045997829383623e+02
-6.575424871104033286e+00
2.464520629247519423e+01
1.490399714004834379e+02
1.825759016814166102e+01
1.030664966614033489e+02
1.509076335567376645e+02
1.606073428261142340e+02
1.788056491385613072e+02
1.722670264076367346e+02
1.552946820373543630e+02
8.853517478676540975e+01
1.954139338145655529e+02
1.879906707491932707e+02
1.132860095689446212e+02
5.590647196589628720e+01
1.731854941186346650e+02
1.782715590451260539e+02
1.724184642073218754e+02
1.281648934468839514e+02
1.776804956703160485e+02
2.704983304197400571e+02
1.416052524789517975e+02
-2.464015492267749607e+01
1.300745982679505346e+02
1.598523533163451020e+02
1.841843783597510651e+02
2.509091060153103570e+02
1.384710780328918815e+02
1.679307926022798085e+02
1.037265783428565271e+02
2.758248571506597386e+02
2.873017159528793627e+02
1.626965811267049844e+02
1.463677753614972801e+02
5.418080984581899884e+01
1.351972370932749925e+02
1.443270181173875812e+02
1.704961397173857449e+02
2.832603667029950429e+02
1.720188720076124014e+02
1.365523942193783853e+02
1.661233665876112866e+02
1.785404801245853719e+02
1.293703228235798974e+02
2.084718323637158335e+02
1.719007991742738284e+02
1.947795272537941855e+02
2.915063110429822473e+02
1.471708580985745698e+02
2.385381635415217545e+02
1.921394387753803983e+02
6.745075447485262998e+01
1.917760834444140130e+02
5.311030865283527191e+01
2.769645180965538600e+01
7.187418999197498692e+01
2.160710250030124371e+02
8.692230901904473228e+01
1.984648730607740674e+02
1.612892719774980037e+02
2.749366779211467815e+01
5.210618537912445447e+01
4.555641877061489708e+01
4.634313685768975688e+01
6.919643746509365201e+01
7.177162522973401337e+01
7.982702247331648948e+01
1.609008482990502671e+02
8.478309275378059340e+01
6.961468709529049192e+01
2.408704328739250684e+02
4.680517111178494361e+01
8.631954860891782744e+01
7.635853333853619063e+01
3.716084576250321447e+01
3.396516817019450230e+01
1.122356274434766732e+02
9.801122275296913244e+01
7.417151096947793576e+01
-1.960214497297994285e+01
1.477844330730634397e+02
7.477136604633398065e+01
2.947613841938613177e+02
3.002017062979550701e+02
2.415678896643346718e+02
3.262485498948553300e+02
3.494315931424988264e+01
1.491354095814715492e+02
1.156261791925443561e+02
4.673749395528861328e+01
1.329482771491356061e+02
1.525996385539249900e+02
2.926948569748524278e+02
7.628629104280641116e+01
1.898221044705768463e+02
1.041652786247982050e+02
5.328116846129421447e+01
2.255840864942226744e+02
1.063002180871295366e+01
1.302495462173423277e+02
1.046148011481846254e+02
1.965118252266589707e+02
7.956058094766123645e+01
1.168462065770955576e+02
1.863199349956368849e+02
-1.293536518379512756e+01
2.558910999721216228e+02
1.420607724175392832e+02
1.844414907548455176e+02
1.188563888409204026e+02
1.017011525369514686e+02
1.157510930248093075e+02
1.594208650253994222e+02
1.427713868757822127e+02
2.676681658235156078e+02
1.496765231304958945e+02
1.030518224405204393e+02
1.619592511394931762e+02
5.572943548130784563e+01
2.474069694293883686e+02
1.110840091947649171e+02
1.073859358919503961e+02
1.442812146351620868e+02
1.326697071445315714e+02
3.171034978024516704e+01
1.469010062843084086e+02
1.581218404211257962e+02
2.579232395029427494e+02
2.776162580130798005e+02
1.497811266532319792e+02
1.039336274932430939e+02
1.434861979752291177e+02
2.796435298753942220e+02
1.341788334166532763e+02
9.270318293868278658e+01
-6.040564402495748908e+01
3.022167127223998477e+02
2.316106543010369023e+02
2.701095834609598114e+02
1.056730240899727988e+02
8.262088349601886250e+01
1.205689634413470515e+02
2.651416930199958983e+02
8.605490997072364223e+01
1.476661546164989147e+02
1.184706118824518200e+02
2.846234666538006763e+02
2.878524339901198346e+02
9.695799823821340624e+01
9.927857869979578709e+01
2.513681949748926172e+02
1.387781434936261178e+02
1.867128736918691061e+02
9.381157198929089702e+01
2.857672755030195049e+02
9.243931502531246736e+01
1.535603792155538656e+02
1.599273554587203705e+02
1.560940847719820681e+02
8.372483292740849947e+01
1.756851996744043447e+02
2.609752721474893633e+02
-1.203805562243063321e+02
1.656458616786422624e+02
1.655479165927144436e+02
2.842735986366315615e+02
2.693952689311779523e+02
7.858104322556275179e+01
1.793367994301064812e+02
1.822736686050403421e+02
1.600052666364068727e+02
1.580791820865302100e+02
2.981145069035633242e+02
2.752529555138618207e+02
4.320353695458598509e+01
1.063990761659399453e+02
2.782130687829955491e+02
1.144261157819571508e+02
2.485701779629337693e+02
2.924695833380027921e+02
2.313144407684165742e+02
2.176356520266751602e+02
1.914147385333640159e+02
2.152844719157031932e+02
2.711788250499380410e+02
1.137689941677649301e+02
2.671495574657407133e+02
2.962027078059546170e+01
2.405455278044494207e+02
4.983270561636543050e+01
2.491191397776135830e+02
2.445865056154894432e+02
2.998580669547416164e+02
2.794304172495243392e+02
2.349785677621083551e+02
1.674956597026834118e+02
9.071053003380829693e+01
8.817999629558589447e+01
5.919225032239393158e+01
1.432088264996128544e+02
1.552417940769166478e+02
1.293074541292914432e+02
1.142975393556757666e+02
1.135619128594405538e+02
2.091942280082913328e+02
2.526142231373335107e+02
8.510406074176333391e+01
1.077578058047916159e+02
1.917092770659814676e+02
1.000209140994741261e+02
1.571687405870184193e+02
7.108030278261880142e+01
1.623054982131665156e+02
2.856514907511426600e+02
2.492457199603094296e+02
1.497936520912394940e+02
1.661670443259103820e+02
-1.642938553547249398e+02
2.350667476528081465e+02
2.913764074346180450e+02
1.083913571612804532e+02
2.638269645224618785e+02
1.193085283106955075e+02
2.559513484989330152e+02
1.563779443918471657e+02
2.810882886889476140e+02
2.809570732603500005e+02
1.613567544607944342e+02
2.628477221309861989e+02
2.771271827431796169e+02
2.963302357559501274e+02
1.364111394747844770e+02
2.645822564771490306e+02
2.578973591818210025e+02
2.661996821117548961e+02
2.503311285806265403e+02
1.254318392132650786e+02
2.609665752207507694e+02
1.535434820427072680e+02
-3.679928256749083459e+01
2.133101121098117972e+02
-5.771704825376898640e+01
2.494902990034112236e+02
2.492680539903815031e+02
2.755303636016971041e+02
1.274221672305671689e+02
1.347041056701793877e+02
2.849976159732734118e+02
9.612365676571675976e+01
2.777787387264486938e+02
2.629613711207261417e+02
2.695816248396033075e+02
1.191299638502765106e+02
2.683880346863825253e+02
1.248982881450522200e+02
1.099818294221060881e+02
2.404389721309927097e+02
1.459800490815190699e+02
