-2.606087777664797613e+02
-2.944190999470254724e+02
-8.404883242467954574e+01
-2.130599816838295055e+02
-6.106985117085840642e+01
-4.111754541578532098e+02
-3.560742993519936022e+02
-1.920837208330215162e+01
-1.596408067802345272e+02
-1.179383225590678705e+02
-3.729499155652335958e+02
-3.190914932567733331e+02
-1.541131243612136927e+02
-2.320105135059561121e+02
-3.736664140721843523e+02
-4.264763952297104765e+02
-3.626190019398590607e+02
-1.260010324888134789e+02
-8.615626675020493508e+01
-2.326852163168919105e+02
-1.097505179609363921e+02
-1.759801458372581067e+02
-7.085882540331751045e+01
-4.781757820274092410e+02
-3.060728193698868154e+02
-1.722576311601951318e+02
-1.245982862137317539e+02
3.990848382949820916e+01
-1.281176156015912966e+02
-1.502593002541684370e+02
-2.636442390776257980e+02
-2.322296766510971793e+02
-9.419558841239484082e+01
-1.357045698677233361e+02
-5.137545714435620425e+01
-6.528099094817474679e+01
-9.406739861343073983e+01
-1.577764876504101039e+02
-1.316867307146731321e+02
-9.473009397883875238e+01
-8.878489895649042296e+01
-1.141823573546825372e+02
-7.884118703434302233e+01
-2.115204300295195878e+02
-1.192633788818784240e+02
-1.055570672492818858e+02
-1.032630398074540636e+02
-2.840651921693707038e+01
-2.208649867231968074e+02
-4.094883326443617477e+01
-1.768641896072236364e+02
-7.376238526863573952e+01
-6.158309876468186417e+01
-1.702770925395292352e+02
-1.496949246391015151e+02
-8.105201337058147715e+01
-8.524764118935586055e+01
-1.792578893475249799e+02
-1.531566744167696470e+02
-1.200964555547432155e+02
-1.376512638930302614e+02
-1.939898277235847388e+02
-1.100919778038688435e+02
-9.833025430335609940e+01
-1.791401500705698879e+02
-5.663967222781823807e+01
-6.246637062413986285e+01
-1.110177546909344812e+02
-2.360178483571027073e+02
-1.568952116000693593e+02
-1.735447970451421895e+01
-1.073111506516301432e+02
-2.384644592639496352e+01
-6.227496087675225311e+01
-8.028888274897806809e+01
-2.137924715046216875e+02
-2.310051600568209267e+02
-1.712779863362845560e+02
-8.286162472064386009e+01
-1.115813392589071356e+02
-2.302538401715530085e+02
-5.580043328132109082e+01
-8.969850774259208492e+01
-3.470187683698787851e+01
-5.404734504890153346e+01
-8.450639652823910808e+01
-8.964702809818312801e+01
-3.091723435846201937e+02
-1.487350179602081823e+02
-9.311054409755578831e+01
-1.075435624132654482e+02
-2.484420200614361818e+02
-8.046812665535099995e+00
-1.848667207760681777e+02
-3.728685370413159461e+01
3.155892197855627046e+01
-3.157951492804015459e+01
-4.494189707436638059e+01
-1.337809408214801579e+02
-8.562794619959316833e+01
-5.047839288537332436e+00
-1.685935171046311325e+02
-1.411289775667580670e+02
-1.020709579966823242e+02
-8.769625312251417881e+01
-3.858900807308769743e+01
-5.615046987186209293e+01
-1.823936583063120622e+02
1.351943031307165199e+01
-2.141200837756781254e+02
-3.356229651655074520e+01
-5.823946542102817148e+00
-6.929695336983468223e+01
-6.285536631789705808e+01
-8.926562005352602114e+01
-1.216939716938746727e+02
-2.635573000834270374e+01
-6.970049169634066288e+01
-4.026812254059345264e+01
-1.275189010761280883e+01
-6.335280476204917477e+01
-1.797031388647945391e+02
-6.277879554118584338e+00
-4.705905548289540263e+01
-5.686715559187135938e+01
-4.203751848735457486e+01
-2.174633610071459202e+02
-6.554122993194698665e+01
-6.799435865720163008e+01
-8.222161530163428722e+01
-3.052499760875286938e+01
-7.734236157123892497e+01
-2.507070512727074458e+02
-9.148692175029499651e+01
-4.546155572563648661e+00
-1.349835824796813597e+02
-8.736720090125766092e+01
-8.400937247696201382e+01
-1.356922235138546284e+01
-1.777242389200189905e+02
-2.733036745043044391e+01
7.972329021392567938e+00
-2.946417728584303859e+02
-3.746698554504938272e+01
-6.614804698197465882e+01
-9.471797092135275875e+00
-5.453674181568495527e+01
-6.016538643133560527e+01
-4.128431717845962794e+02
-1.312204967339536665e+02
-3.956305045303614065e+01
-1.081248727031979371e+02
-4.114898200340719825e+01
1.088479947421699450e+02
-5.584321704356383975e+00
1.055600096226820028e+01
-3.681813989240152978e+02
3.783463487039193041e+01
3.079289803124410696e+00
-5.246798137317932031e+01
-3.268087072620915023e+00
-4.622066416631051311e+01
-1.896680088765051551e+02
-2.465104515406814301e+01
-1.833868321593691064e+01
-1.023388336977779858e+02
2.070222126715232491e+01
-4.246019747305662406e+01
-6.244432206938889749e+02
1.979041010445580184e+01
-3.206746927153032800e+01
-1.011635338480148079e+02
-5.993203009082530741e+01
-3.791930029076236508e+01
-7.037591546948051757e+01
-1.219112282548229445e+02
1.614554361254222385e+02
-3.080437133383586001e+01
1.705366288485639359e+01
-1.637686912617125756e+02
-6.989762797073396428e+00
-1.541713645158635870e+02
3.490425298124053910e+01
-2.385074088244286372e+01
4.355516360722262448e+01
6.104254892139533695e+01
2.639028892462308562e+01
-1.049130694330738862e+02
-5.473808379001314961e+01
5.246355641729893193e+01
9.885825080699873979e+00
-1.563542033453107116e+01
-4.681506939365715425e+01
5.675952619356753814e+01
-2.578488681152630591e+01
-1.547050514048547427e+02
4.877317264769263261e+01
1.266393574091100902e+02
-2.322542086246276938e+01
-3.782544165481721166e+01
-2.411961600721116383e+01
-5.189287304419352864e+01
-3.344343406148496456e+01
-1.024230934029669982e+01
2.754031931534086297e+01
-2.074322576546232142e+02
7.915653705811479313e+01
8.260362178262653288e+01
-9.881784807029612239e+01
-2.028465798672209814e+02
-1.314184443416305328e+02
5.613154697220187472e+01
-3.293905740654376757e+01
-6.073600604995361607e+01
-1.000045107917681264e+01
6.450951931952293705e+01
-5.358081797142074976e+01
1.262619472877857163e+02
6.701827646489654455e+01
-1.215314287729170815e+02
-1.367015010892987164e+02
4.949625920948747648e+01
-2.610055166712778885e+01
8.092571761429350374e+01
1.409753224032762375e+01
1.770965248049722618e+01
-5.696485487316110152e+00
5.724709281941738936e+01
-1.050720964066314878e+00
1.387913430001239874e+02
1.177690002087150845e+02
1.193237765603352756e+02
-1.749285051862049301e+01
1.103222668965679674e+02
9.358043770789301163e+01
-2.690487926304915618e+02
1.406032670946873964e+01
-2.737461052698412090e+01
-2.318633686248763581e+01
8.540909026482657396e+01
5.559105570097349869e+01
1.016899435305356576e+02
3.368534868431686391e+01
5.820608055029686057e+01
9.402719015893819687e+01
5.631250500716464558e+01
-4.566386700018713896e+01
8.490604640357048538e+01
-8.305947316012404258e+01
7.303136367658969164e+01
1.342282253496190947e+02
4.794064075419592541e+01
1.386390644426584231e+02
1.549940910568207642e+02
1.237468515533947766e+01
1.916058028132920583e+02
6.303199121005215488e+01
1.065329367372121965e+02
4.330977109154783022e+01
3.218313401299906218e+01
1.349509020853815855e+02
6.389402690157266562e+01
-1.638701805324970451e+01
1.327315884277167299e+02
2.662077632119087411e+02
1.059273335536662728e+02
1.103976465623067895e+02
1.034749715081042609e+02
2.947250745504550196e+01
1.176537636366425090e+02
1.043767393822477061e+02
8.941833076652852696e+01
1.527147984174257260e+02
1.499489803814410891e+02
1.355255628847225182e+02
7.608568719437722905e+01
5.986785251704726818e+01
-1.751519740371852549e+02
1.360628629699167504e+02
5.426108333996995725e+01
2.655656845626451741e+02
7.636321822085055544e+01
8.437173894702252142e+01
-5.535736289358946749e+01
1.187463653633566736e+02
-5.587635026329067500e+01
-1.241408417797444841e+01
1.127325597454141786e+02
2.912598646425285764e+01
4.035559268319955351e+01
4.483594598465305126e+01
4.873230756306044498e+01
2.819259409355617763e+01
7.090740639038619975e+01
1.199293905344060249e+02
1.163940829075385039e+02
7.288698044663944131e+01
4.239615874403709483e+01
1.702698232148046316e+02
-3.879911373778878669e+01
-2.090442503840351662e+01
4.873597947837079403e+01
1.011096632601999943e+02
4.027299944430569667e+01
1.660236852850519540e+02
1.098339351468831637e+02
1.222622848473125714e+02
5.307295844765261705e+01
2.006491791765524368e+01
9.816339810106616426e+01
1.331138503723034319e+02
3.004484805706169226e+01
1.468344226195947044e+02
8.531573672115834484e+01
1.541142743756172990e+02
5.704358782377929060e+01
1.283367686989264200e+02
1.221951183284218416e+02
8.919711438859687291e+01
9.228854176687791266e+01
1.250726379650336071e+02
7.648073892371446902e+01
2.079575034558921232e+02
7.635600279539835356e+01
1.270416070610620523e+02
5.031401366043532164e+01
9.616953215951609479e+01
-1.735653024751914231e+01
-9.017392594706350906e+01
1.009426924203558542e+02
-2.237841013533809154e+00
1.461134452027175996e+02
3.353412872881531115e+01
1.097946031676195702e+02
4.323077537066846787e+01
-2.375399779092232677e+01
-1.068733169237835900e+00
-3.353321073118699758e+01
-3.299022696400740529e+00
5.466257853711978143e+00
1.352142595776243184e+02
1.626833666860959937e+01
1.129557251264829034e+02
2.886324361906357794e+01
7.483644161716917154e+01
2.055706798424012760e+01
1.398953619424411272e+02
4.824612602261215955e+01
8.463182699372862050e-01
-1.478006862907055563e+01
3.994410731179394247e+01
1.390911020526278037e+02
1.185600111337890006e+01
6.840026117009655593e+01
1.418331269636753973e+02
9.913642916197775889e+01
4.116882756069129812e+01
5.436890231584348498e+01
2.685334366255814302e+02
6.481635230496210909e+01
2.263210789412472934e+01
5.833799651550799581e+01
3.073651322879033998e+01
6.845466125783704570e+01
5.478516416316650606e+01
5.428543409210726622e+01
7.851193989950353114e+00
5.004955564404683344e+01
1.588483039804363841e+02
2.083363068232791875e+02
5.800029418309494389e+01
5.199993594497217231e+01
9.597302352443229267e+01
3.342340874674176376e+01
5.114149544077619680e+01
4.512517258550542465e+01
-2.515469619122759326e+01
-2.889551981163328342e+00
-2.624227768376351744e+00
6.854251256272894999e+00
8.570838645457052962e+01
6.767566627407245505e+01
6.056210980795962939e+01
4.891651193104596729e+01
6.440513187602191181e+01
1.485907695456229760e+02
4.482882837338740245e+01
5.874314577975736995e+01
5.016060161499635406e+00
3.634194170501485388e+01
6.022019250217786634e+01
7.611408558035208216e+01
3.276324632505435375e+01
2.837690799897926652e+01
5.280333924467657170e+01
1.574151922691104346e+02
3.705575456173893656e+01
5.455289250842029958e+01
1.117637526749087726e+02
2.912925340886716796e+01
5.136562805841357005e+01
1.059485445922077957e+02
5.566594432310860441e+01
9.880295772364678442e+01
5.942155294985801106e+01
5.961003322261884563e+01
4.298032786727131338e+01
8.010742602126910583e+01
1.536336908979594682e+02
3.377315493972692906e+01
5.008860256984480941e+01
1.671037496148554879e+01
1.896847744687251236e+02
2.709405156716194796e+01
9.346947441355445108e+01
4.783419267279526110e+01
8.241167678882771952e+01
6.845250793438303560e+01
3.210204825938847506e+01
2.191993952135380255e+02
9.364739763607583711e+01
1.256735870166458824e+02
2.028217620522165134e+02
6.710452643983887810e+01
2.243512146008351920e+02
6.497147683851092381e+01
2.124554664331964204e+02
1.069903524399340711e+02
2.563773689745383422e+02
2.167399391553887824e+02
1.471446376413575479e+02
1.034527269088565475e+02
6.740102056387529217e+01
8.003358166537029206e+01
6.937191123147552219e+01
1.980124159968766264e+02
1.549233209734997843e+02
1.318034762257545367e+02
8.047920312922465769e+01
1.231763450557566273e+02
1.302924081849003244e+02
1.520580666653919479e+02
1.316449301887711556e+02
2.517149037222610559e+02
1.397973867082799302e+02
-5.755886165435441626e+01
8.833488665255136141e+01
1.145045919528152467e+02
1.403979588552716393e+02
8.778189311667840400e+01
1.317155398489324796e+02
9.244854381622907624e+01
2.369792430862332253e+02
2.511378836741234579e+02
1.364314029849975327e+02
1.123524732669876443e+02
1.581471013777542680e+02
9.333461637206342232e+01
2.506635535685790046e+02
2.670343847327540061e+02
5.528740994773761486e+01
2.386978835219811685e+02
1.209577995445471572e+02
9.273068641396693579e+01
2.134177779919093041e+02
1.135452427837221450e+02
7.729784111436313765e+01
9.643629769102460614e+01
2.487140785184311653e+02
1.271967346656681173e+02
2.574406559206390739e+02
8.702566623685727620e+01
2.592213496334072715e+02
1.567885062349285192e+02
1.340102776134393423e+02
6.708506912902853969e+01
2.538869276826244459e+02
2.582876223880565476e+02
1.446303270294194192e+02
2.943219704166285169e+02
1.088574581303240478e+02
2.322084511440032202e+02
1.044932837931190193e+02
2.728411320809548215e+02
2.927497364757887226e+02
2.413066162637560979e+02
2.613453344806212044e+02
1.072303168200381691e+02
2.406742272308669897e+02
2.550609425287136673e+02
2.643605549436698539e+02
2.113427167633988972e+02
1.046774637071454634e+02
2.261374206636170925e+02
1.115375272078442919e+02
2.660146869405687085e+02
1.332464928136492404e+02
2.762733007732043120e+02
1.240127596886219408e+02
2.573641706620617953e+01
