-4.641105180616766290e+01
-4.843571271084837804e+02
-8.807500694417223031e+01
-1.206171749784550684e+02
-6.677540029700466562e+01
-2.670846167846889898e+02
-1.098285646356750078e+02
-9.562379996065998000e+01
-2.513182787631141366e+02
-9.171514736525276135e+01
-1.426215663215965606e+02
-1.505918399154297731e+02
-3.978294301280130867e+02
-1.122663735860814143e+02
-8.751153644338086224e+01
-5.931556741807348487e+01
-3.586015130140817746e+02
-9.395293551279070243e+01
-1.449332894541241501e+02
-1.413234629121599539e+02
7.363981519208678606e+00
-9.112474340594758360e+01
-1.980594078138595933e+02
-1.088276903777629059e+02
-9.341644146526297732e+01
-2.973094626211673130e+02
-1.411492711400695157e+02
-1.515935741861200086e+02
-1.703947114098437510e+02
-1.790064328946756973e+02
-1.607302276573793733e+02
-1.094527057117380764e+02
-1.272558076866592529e+02
-1.170299778200191696e+02
-1.087690845483825370e+02
-3.734227404719016477e+02
-5.452003941643231144e+01
-8.701049087481207778e+01
-1.521581554033649013e+02
2.598654724503411728e+01
-1.122241317988927136e+02
-9.331402843880711373e+01
-3.341720705550418415e+02
-1.275897607454257070e+02
-1.245200233542712738e+02
-2.073733206658077961e+02
-1.042582211470457736e+02
-1.682656712627040179e+02
-9.440224646138554476e+01
-4.422035912565689273e+02
-1.359869049103342036e+02
-1.206764312737414855e+02
-5.013264973244220357e+01
-2.007092382168278277e+02
-6.035272972498649580e+01
-1.355702038369567504e+02
-6.126862187625035716e+01
-1.085715167458485695e+02
-1.490622776211633607e+02
-9.521891091042201083e+01
-1.529096281692055186e+02
3.566807658472086473e+00
-2.029703328902616022e+02
-8.802954645534227041e+01
-8.315100062668481939e+01
-6.574065500685193797e+01
1.492040380990783888e+01
-1.213768534663582130e+02
-4.844311401002526907e+01
-1.182488087030166639e+02
-2.120771778376239354e+02
-1.016084609607389098e+02
-4.086148772780070715e+01
-2.071631311660872257e+02
-8.230525989353206739e+01
-8.763900297148842355e+01
-1.012423477466858799e+02
-1.558821317539116649e+02
-7.103434200163314927e+01
-6.324822254408424982e+01
-9.213942458963259696e+01
-1.585759687779798810e+01
-8.798785534126656671e+01
-7.953513359482272449e+01
-2.424587508506111249e+02
-5.406817539559325780e+01
-4.371754425494300733e+01
-2.666656060596289990e+02
-7.854743278320304967e+01
-8.378466191472571722e+01
1.217137566063767906e+01
-4.581840291849648850e+01
-5.168707224249143906e+01
-6.738046823090078874e+01
-4.936009815095307829e+01
-1.394429038515146431e+02
-6.786217932808662567e+01
-3.295815771671820471e+01
1.069986327266359183e+01
-3.887037378015487121e+01
-8.000473157992534823e+01
-7.792822772314599433e+01
9.521312881113885851e+00
-1.388020288139402680e+01
-4.656500227642219869e+01
-4.684538006360121898e+01
-1.123562931357016623e+02
-5.912304314906053548e+01
-1.033422727432198798e+02
1.183411302891386185e+01
-9.488543847123142427e+01
-5.392146440619096381e+01
-1.198809610637071756e+02
-5.009669304611020380e+01
-8.935619483243014827e+01
4.817534371349239564e+00
-4.595539778758571003e+01
8.109593693588361418e+01
-5.998219529853926701e+01
-2.463500232956070590e+01
-4.168562209055089340e+01
1.509335930411968718e+01
-1.979826241073245114e+02
-3.491848117720434175e+01
-7.790608587117051798e+01
-8.780659402938647418e+01
-4.260100411932175035e+01
2.554072664785181246e+00
-5.009464624051486226e+01
3.056972897975342107e+01
6.083732555566754741e+00
-1.131010077069763753e+02
5.215078940351901338e+00
-1.024396588189887893e+02
-2.474616567056265648e+00
-7.634179720079400511e+01
-8.825718000954068998e+01
-1.072716111380820792e+01
-6.187517930140478128e-01
-2.152128898763415066e+01
1.592672610503529711e+02
-1.078953752287661700e+02
-2.318797852851257062e+02
-1.028763904647325518e+02
-3.255036334359649572e+02
3.022876374646950381e+01
2.762409802418230242e+01
5.143997785355541907e+01
3.208153249140954699e+01
-2.838109933437286259e+01
-2.864607745485548094e+02
-3.280925461235074181e+01
6.432773582240278643e+01
-5.026062592710239585e+01
-5.813153098800528085e+01
-1.431647031738694977e+02
-7.861878702466559332e+01
7.139737082827767267e+01
4.540139373801503098e+01
1.268586589361717643e-01
-2.263145393988024878e+01
-3.249547934682604478e+01
-1.828509694805863717e+01
1.760277278365059672e+01
7.514490760004677306e-02
9.304443899860417844e+01
4.438354989018106522e+01
-2.448815348600650665e+01
-5.840015480892162714e+00
5.333038215291450612e+00
-2.566746347488614077e+01
-6.607503094326385451e+01
1.493135526292513759e+01
-1.662201137613386948e+01
-3.067393788097366780e+01
1.190743919370125212e+02
7.072824460322507889e+00
2.668563218617188681e+01
-3.322330573380376961e+01
-1.675865379447212717e+02
3.430473348675378276e+01
-1.300918606586259330e+01
2.732640345210406352e+01
-2.513060554405887785e+02
3.762265966044565602e+01
-2.354760336864684689e+01
7.821857860359439485e+01
3.034400933231350450e+01
8.490737555819039528e+01
1.084421432796724076e+02
3.558425755484960717e+01
5.406063417492871537e+01
-2.557989689743643851e+02
2.685449198319135178e+01
8.914183464516455047e+00
-1.841500547800455578e+01
-8.139913834968874085e+01
2.589726185364633793e+01
-3.323467145749454232e+01
7.675011058874133596e+00
-6.348748112897128237e+01
-9.583238159298170444e+01
1.304061401192080609e+02
-2.599258170728123218e+01
-5.194172946494691701e+01
1.545447914046042115e+01
-6.773562217271295083e+01
3.448347856067046280e+01
-8.488993307034121472e+01
6.629286935020108729e+01
7.763341123993203041e+01
5.919233687246106967e+01
1.098607122378915619e+02
-1.905000864897871793e+02
-8.065357368261601323e+01
-4.826324142967465036e+00
-5.103198308735951372e+01
-7.954736281036323930e+01
5.995495352651340681e+01
8.738469823566435934e+01
7.598606891603587599e+01
5.907837777222366071e+01
-2.160918291305406456e+02
5.934405834158769011e+01
1.547177722406146394e+01
4.381724300248483672e+01
6.760445231352335327e+01
6.966760593606088037e+01
1.454331316543346020e+00
9.761544681385404942e+01
1.665929407504656865e+02
7.818413166843509998e+01
2.354279615704565742e+01
-1.316264793181707375e+02
1.678115847970459242e+02
-4.612213771935618212e+01
9.507498748279878953e+01
-7.650244050344485913e+01
1.033020705483838100e+02
9.118927340839617557e+01
8.061202664687598940e+01
8.059597170700985203e+01
1.238022705006833348e+02
7.079956445993076386e-01
-6.729142715364464777e+01
1.322586959443350452e+02
7.108274009635967161e+01
1.119960506556168411e+02
8.892705739782834939e+01
1.354261258294012578e+02
1.705461442946750594e+01
3.816234954433627991e+01
1.550794037591933794e+01
9.164205258071588389e+01
-1.104207595719316402e+02
1.198535073713067902e+02
7.605354252500769974e+01
1.098611791212043585e+02
4.439952487959004657e+01
1.274138658449094379e+02
1.155052858804585867e+02
4.666167993691075822e+01
8.630795652198631274e+01
5.298574112870700503e+01
-1.580266862086933202e+02
7.962985237102479630e+01
1.106003166698516367e+02
-1.438818526904038890e+02
-7.722572623489723398e+00
1.042414099572286261e+02
6.683929240465054988e+01
4.532650865002702290e+01
6.810797658570018598e+01
4.167406506821973267e+01
4.368917038351879967e+01
7.613072366054129247e+01
-5.538807415349025831e+01
7.141698039902252049e+01
1.004212948595772872e+02
8.113438871220587600e+01
7.160748524422852768e+01
9.642933993647879731e+01
6.234377715816269472e+01
5.272944920566742155e+01
3.425112743646604940e+01
3.092387349649990469e+01
1.384747213131391845e+02
5.739671318763976160e+01
5.128841239021584641e+01
1.086638247677951199e+02
7.620912563381129701e+01
7.345930158616209837e+01
9.802161103850308166e+01
5.186953111244163495e+01
8.518430705570987982e+01
5.511735332291549838e+01
6.261054510582433608e+01
9.903730083197393697e+01
5.874123154870881791e+01
1.312837555087161547e+02
6.074118141514721714e+01
7.527335850906288783e+01
1.024601357108379176e+02
5.645717989517284252e+01
6.922975413804844891e+01
4.318971990873730959e+01
4.880525461285256483e+01
4.462472233234988295e+01
4.530262718084455287e+01
7.210466955985573634e+01
6.711605051808622591e+01
8.225276854217659661e+01
1.011276570646266038e+02
-3.183977917610977784e+02
6.408714172397151287e+01
1.602265262329085544e+02
5.018480782940313389e+01
5.336741330200678846e+01
5.158797043124889825e+01
9.672327488652389604e+01
1.219653458802739010e+01
2.426354880702914940e+01
7.822789817742548735e+01
5.480262731854773506e+01
6.237869194629608671e+01
5.075730805196789674e+01
4.376227404602722970e+01
6.526118319881582863e+01
9.543698279815130547e+01
5.531266302076105035e+01
7.264186138190382280e+01
9.410934966670171775e+01
1.124401452003425845e+02
4.665043778018394960e+01
9.211109077461850347e+01
3.433944468918107873e+01
1.935592351550570456e+01
1.395820180558103232e+02
9.973172858992963086e+01
8.259446086238553164e+01
8.072453991837804210e+01
7.799951181146151669e+01
1.407643413835405397e+02
1.544837659642427354e+02
1.522874450710025087e+02
9.599934108425489399e+01
3.069519525002029781e+01
3.413325099515660099e+01
2.474842541492974419e+02
1.518240799455257672e+01
1.225248618079961744e+02
9.060770493982535356e+01
2.602418128573367895e+01
1.152418523053481607e+02
1.442589559010551454e+02
7.701668147179705670e+01
1.315173478185628824e+02
8.630017888511727620e+01
3.043535743569812269e+01
2.062532000276290489e+02
1.282754977583002471e+02
2.604546044779855265e+02
1.965163687625519913e+02
2.485677389278356770e+02
1.787812800835887685e+02
1.080483490114632019e+02
1.056046173803327406e+02
7.943268568752984038e+01
1.792042846971548613e+02
1.316315805996040922e+02
7.208732720640091429e+01
6.254493555225626267e+01
2.426729903804619823e+02
1.490577416913610875e+02
1.587941131664896659e+02
1.532916524180864997e+02
1.060052257851301789e+02
1.249114685134585869e+02
1.263556464247131288e+02
-4.172552799817768232e+01
7.743947625311004401e+01
1.455435403355995447e+02
1.713081507406102446e+02
6.942695721470964543e+01
1.612427784896931371e+01
7.704088482295983908e+01
7.621902762368516449e+01
8.746109868715157631e+01
2.039282043049486219e+02
1.097744329518282882e+02
-2.349990623501415143e+01
6.065465573276559752e+01
1.191048327178546771e+02
1.276790486859292031e+02
-6.241118059505950555e+00
7.120616597253470559e+01
1.167814402322230194e+02
1.812855302065460990e+02
8.202117308127373008e+01
3.303795247982635885e+01
7.129067660144308149e+01
1.324471329901332126e+02
5.662061075473758365e+01
7.544546448456708276e+01
8.204849435972121796e+01
1.542293146783435986e+02
4.963814023901350936e+01
9.994345774931895221e+01
-1.893300804030319853e+02
2.087202682098894115e+02
1.334298637328078598e+02
1.931313265991419712e+02
2.384424184398592317e+01
4.961850367555196328e+01
2.611066281113539844e+02
1.043783722514751844e+01
3.025416445340599125e+01
2.478903175920325168e+02
1.426925002188516203e+02
8.914931926997439859e+01
2.563162757667215601e+02
1.430131033542757848e+02
5.301603107304028839e+01
2.073404207509772164e+02
1.131082134821361507e+02
2.482000947133103352e+02
1.452603899830011756e+02
1.054214260929282716e+02
1.531829549783972766e+02
2.665510649494506197e+02
2.340223589054040190e+02
2.305721828601787138e+02
2.603705230883995227e+02
2.871243196091928667e+02
2.976805754090156597e+02
1.742818658843503954e+02
2.423922783466783812e+02
2.484954299674279810e+02
2.516937899046775442e+02
1.412192301283994027e+02
2.252696372106188392e+02
2.616077030167454041e+02
2.237342530424696179e+02
-1.966940771461189286e+01
2.319979225120380022e+02
2.642616141821031306e+02
1.245729494488816727e+02
2.532191370136443140e+02
1.235825778825479091e+02
1.220206720822405941e+02
2.534238225512547444e+02
1.271883243936428300e+02
2.646538861509139906e+02
2.518813499451424036e+02
2.329502008964575168e+02
2.251780583509342932e+02
-1.413723637161055535e+01
2.713703029930160255e+02
2.251927549691168622e+02
2.374321025178917921e+02
1.554589897931876123e+02
2.805462048470633363e+02
2.398460767437128993e+02
2.617965996909592263e+02
1.112860928858958260e+02
6.907743114107806548e+01
2.588896846011219850e+02
2.567079132451869441e+02
8.616980163371060542e+01
1.488853465118766621e+02
3.987274383207341799e+01
7.362292180801020436e+01
1.411926090011924373e+01
2.655151535843450574e+02
2.375243914625601747e+02
1.216884657082906216e+02
2.839864291758946706e+02
2.222398779405237690e+02
2.594923569605033435e+02
2.123962914453281883e+02
2.446553993570038017e+02
-5.056434210404745500e-01
2.236732593538202991e+02
1.882236385542288701e+02
1.173864573696565685e+02
1.510474445500488230e+02
2.526875873830683474e+02
5.706915311490962495e+01
2.392400812757952053e+02
2.529669177249945449e+02
2.353607653613401283e+02
2.558357639228995879e+02
2.739099619356462085e+02
2.682046584293084948e+02
2.714546646960897078e+02
2.755183932092354553e+02
1.447634078766242283e+02
2.273210943178049490e+02
-5.845923781512932038e+01
-4.056255799923658856e+01
