-1.225807305843428026e+02
-1.566989626652060679e+02
-1.751068564590146366e+02
-9.385645229254829758e+01
-8.798106836127566055e+01
-1.149256626100029450e+02
-1.622591993307723328e+02
-2.096018992989918388e+02
-8.375005064808300403e+01
-9.120308168872541899e+01
-1.330592422097423935e+02
-4.080014429037254899e+02
-8.562825019244769464e+01
-1.242182638756196980e+02
-1.724455654682505497e+02
-1.894122367478822184e+02
-2.095368682414328418e+02
-1.018727738091071586e+02
-1.082736979142643889e+02
-1.071247384440332553e+02
-2.625115373123578593e+02
-1.743297747130918651e+02
-7.976173681081553468e+01
-6.465529341213672865e+01
-3.203839664459065943e+02
-1.705485455146318827e+02
-2.316961612353689759e+02
-1.113585519926118224e+02
-1.452677020273289941e+02
-1.200448082744702276e+02
-1.290605859275584066e+02
-7.159736327895588204e+01
-1.220195233887794615e+02
-8.873350184570256260e+01
-1.302550820549176365e+02
-8.059330072265086642e+01
-1.459982853126419400e+02
-6.036280298982462966e+01
-7.882597343414059310e+01
-9.736230043348389529e+01
-8.372073310624102760e+01
-1.249980282315201805e+02
-9.920039223584724652e+01
-1.886480522963260569e+02
-1.126480764356380604e+02
-2.098724354459269250e+02
-2.450781083555465614e+02
-1.121141328459171973e+02
-8.045203240847034465e+01
-7.788543108005529803e+01
-6.448268445572672647e+01
-1.079791393000178203e+02
1.730103974292802604e-01
3.098688994886344972e+00
-1.962742642129317403e+02
-1.167567498034125890e+02
-1.174580149754854688e+02
-1.295250660252742136e+02
-2.332787703613629731e+02
-7.704268646491050276e+01
-9.144782503171367694e+01
-4.432837843740527717e+01
2.264633695416414128e+01
-4.321770233598796551e+01
-1.545312069500437246e+02
-1.878615817502632979e+01
-1.057665623290805428e+02
-4.900534994964129965e+01
-8.936858428526227272e+01
-3.300446363730044368e+02
-4.042812147680142232e+01
-1.325984279714735976e+02
-8.187943786584817474e+01
-8.014494748493254406e+01
-1.216317164905557036e+02
-1.081324983586535922e+02
-2.370324987868667961e+02
-3.167131605873706235e+00
1.360209114320858248e+01
-8.668687570959228594e+01
-7.751782021267933942e+01
-2.370974626849555591e+02
-7.952232605570503665e+01
-6.580366071601910960e+01
3.871232653301106552e+00
-1.906042658895340480e+01
-8.551249313783863215e+01
-3.882907577947233335e+01
-5.026208520817356629e+01
-9.436751128604281291e+01
-1.445018270051238005e+02
-9.111124498026288165e+01
-1.001441599791930059e+02
-2.411862224808522512e+02
-9.574286800955231058e+01
-4.198905415328570001e+01
-7.334321068641578734e+01
-7.609163849038426974e+01
-1.977866438090133556e+02
-1.468965905644866439e+02
-7.849407732788701253e+01
-5.123681781396208379e+01
-4.317544421695903623e+01
-1.060991596394029983e+02
-1.410270901182006753e+02
-4.349044362993539892e+01
-3.562434671505405959e+01
-4.938045552011108441e+01
-7.778319330159810363e+01
-1.003462872933476149e+02
-7.048618784518387770e+01
-8.027327146295873206e+01
-8.579489062633001595e+01
-1.452567036782598109e+01
-8.477660249121029779e+01
-7.590214858468625891e+01
-2.305886714180155934e+02
-2.958497143643687366e+01
-5.602100435067941930e+01
-1.740580833046873863e+02
-2.270790724721513811e+02
-3.621414364206088976e+02
-8.037591005968269542e+01
-5.124430603617376789e+01
-1.711232562468987339e+01
-1.853442713978760708e+02
-7.727601694135026378e+01
-2.622061378457756291e+02
-1.471620704448686467e+01
-5.779791501352357130e+01
-6.815273855424746330e+01
-4.982825325894016544e+01
-4.441960209494624223e+01
5.858040572564001991e+01
-3.841970313243892576e+01
-7.420393621215241353e+01
-3.231059219708683372e+00
-1.513356870756204842e+01
-1.579223691592022760e+01
-7.170056529426365444e+01
1.157074538252700791e+01
-4.747352610080444890e+01
-3.134615503663451364e+01
-4.460900893800432243e+01
-6.284577463540756526e+00
-2.718221653640102886e+02
-8.177010100425313510e+01
-6.930162657446300045e+01
-5.103235690710700823e+01
-3.976747249973258391e+01
-4.240773709384222201e+01
-6.852864546886280550e+01
-2.427942432597367883e+01
-2.253530435626030055e+02
-5.664653209870466810e+01
1.602056608036726004e+01
-1.916507399189788430e+01
-5.141751643476509059e+01
-3.386977425562482722e+02
-1.197563349634566521e+02
-4.627595810969450696e+01
-3.019569435651136473e+02
3.798990092246098627e+00
-1.673924296569251169e+02
-6.553973178199106542e+01
2.653200447318195643e+01
-1.215555043393387535e+01
-6.049257189611047636e+01
-8.319374648101245384e+00
3.359675458381914837e+00
-2.596072285886171827e+01
-3.550871412096442725e+01
-2.709688374221281038e+01
-2.645906177130033257e+02
-1.862892193424397647e+01
-2.681844670619224758e+01
-4.814216234579716058e+01
1.896005169827191139e+00
-2.212927779032711442e+02
-8.019239366684078618e+01
3.694962805414114371e+01
-3.051751446059974171e+01
1.425259280162109121e+00
3.835125273531873802e+01
-1.830224248562543039e+02
-1.362674069720833927e+02
-5.377945684002561677e+01
-2.695034991050982285e+02
4.785057192482429400e+01
-4.297219176879189604e+02
3.239121163713483043e+01
-2.281105690774322454e+02
-1.680127975367439319e+01
-3.300786984463009048e+02
-3.743617524555457408e+02
8.906408269676387590e+01
3.086071819353103862e+01
-4.182084715709336820e+02
4.350409326262018794e+01
1.404187732842993910e+02
1.417494194217012193e+01
-7.492584299984066831e+01
2.433819099367184435e+00
-1.346114894195165448e+02
-4.438487761984386992e+01
3.704901415084961513e+01
1.232350438601825999e+02
1.015899430856996588e+02
-6.527527279284419137e+01
-5.813543684611418882e+01
1.013918769322375084e+02
5.276877365971208711e+00
-2.579570965925476571e+02
-6.117385730499195517e+01
-1.577835961488923999e+01
-5.256861095535851547e+01
9.368453204519829569e+01
-4.023826444826367776e+01
-1.927348980759699657e+02
7.571405407011758371e+01
6.862335199571731437e+01
7.226133662599987417e+01
-6.253045543615019142e+01
-2.384084518068056013e+01
2.344564209759137086e+01
9.066590680867119545e+01
4.877437496650894388e+01
-1.420272961188331351e+01
-1.831890787519008938e+02
-1.401968088994023631e+01
7.973874215247307973e+01
-3.784593101150427685e+01
-1.035385674888174350e+02
1.714475107177906210e+01
1.250175471414910788e+01
-2.310515792059545959e+01
3.271393321789423680e+01
-1.066431490534212401e+01
5.317880184322795856e+01
2.614296071244588759e+01
-1.005899576644733884e+02
-7.207171758231889669e+01
9.042850875418515955e+01
-3.817308629623337168e+01
-6.663661755566138822e+01
9.714505970885848996e+00
7.206490963223245672e+01
6.398149693143562899e+01
6.015901368137225802e+01
4.144742295428959267e+01
5.116399109578818383e+01
1.196302824042465041e+01
7.027142880900936461e+01
-2.058125622314962211e+00
2.977778068127145517e+01
2.782550547882602032e+01
5.530662680470468473e+01
8.353498782959306368e+01
-7.290118706742917709e+01
6.947685618112380723e+01
-4.776212234489605635e+01
2.487244382967294243e+01
-4.463180790021208111e+01
6.329102169177797776e+01
4.917156455113708091e+01
3.726804534325149376e+01
-6.982101124567640227e+01
-8.117133024079505788e+01
4.005215193360938741e+01
2.538649822268867595e+01
6.454634707165848795e+01
7.359770833902805975e+01
-5.913736199068706867e+01
3.303711144692451285e+01
7.803302525537161216e+01
4.490210901091576545e+01
1.491635356839147697e+01
8.063914392896360539e+01
4.643637655751506088e+01
1.082221799109846643e+02
4.034412213735045327e+01
-2.577083530587096902e+02
-1.458704142347947652e+01
7.291659982698158160e+01
5.893372498465146236e+01
-1.981663175125827649e+02
-5.314979768453618192e+01
3.353839566538757566e+01
-1.362815852238695129e+02
5.536715555458140159e+01
7.204486050333918001e+01
4.560837555322972037e+01
4.219801356092573030e+01
6.242929503007469094e+01
2.141506125716126618e+01
9.810339607704494824e+01
3.838659093076256568e+01
6.999873559657513056e+01
4.411445845794237641e+01
7.201970642748618445e+01
3.495946003874237817e+00
5.009843502203960242e+01
8.147049745740667959e+01
4.253103886738539074e+01
7.016157124251911625e+01
9.384227311485736323e+01
3.881270932480292402e+01
7.290279824576744261e+01
2.114215282964146425e+01
6.600092019419594180e+01
-1.841681874733753221e-01
8.333294117715226434e+01
-2.931502118611808427e+01
6.210542765158605505e+01
1.869619920892341725e+01
7.906266963694679362e+01
6.154279726899540037e+01
7.672376418984443092e+01
3.264146289835930759e+01
5.082109744662756867e+01
8.147678410659477777e+01
-1.158068828589738786e+01
4.839164348326335841e+01
8.807924322622473312e+01
7.052794793225417891e+01
1.494920911509133532e+01
9.329946947774942601e+01
1.050142256934763196e+02
5.574146259851819707e+01
8.456730047864454036e+01
1.038602681114808206e+02
1.233020732285151126e+02
8.203671521390307930e+01
1.019734018358313818e+02
5.214098609283682606e+01
6.110531218660850072e+01
9.521951230872772953e+01
8.585563991793289063e+01
1.299266307089421559e+02
8.952053334428985920e+01
5.104348674349294157e+01
4.448792770437146515e+01
9.483189821026833499e+01
7.612661483956023289e+01
8.857073714764266015e+01
1.084957469819344738e+02
7.788962441267011627e+01
4.217626050804947369e+01
1.021221221060703499e+02
1.286886316185510282e+02
-8.617243831868163895e+00
4.436807568942213464e+01
4.256954804490180777e+01
6.506012990688518016e+01
3.998866434429609740e+01
4.915715129558896024e+01
9.926826370533333943e+01
1.271482190212984449e+02
3.481336729920604967e+01
3.312825792010411874e+01
3.885597256124754040e+01
6.013267439393273150e+01
5.411754816095778153e+01
8.227769448298940347e+01
8.376087305328215393e+01
8.980123031267345368e+01
9.704792772659801869e+01
1.133264544822418856e+02
2.579453003475038599e+02
9.989452543856609168e+01
1.220192905661411231e+02
9.458002619400568278e+01
3.872164322974761319e+01
1.066043194799713802e+02
3.102151708642071526e+01
1.079639076407009810e+02
2.053900046927563494e+02
1.290146689220916016e+02
5.112277694288882657e+01
7.224967192296250573e+01
1.070904382176407523e+02
7.591664451854136075e+01
2.376421199501855313e+02
1.846043304977096113e+02
1.120833923400917627e+02
2.094726880279242778e+02
8.937195816847857088e+01
2.895515895809884341e+02
3.950148309106267419e+01
2.654567401256424546e+02
1.201943553717992756e+02
1.123736145105951323e+02
2.403368860010402557e+02
1.243061371553646239e+02
2.406494415536467670e+02
2.605967595892992676e+02
2.343146334577790526e+02
1.494622043616173528e+02
1.294735782105716737e+02
1.407787571846416768e+02
8.369610738752892587e+01
9.362765283969274321e+01
2.296860282942202218e+02
1.575207459036193995e+02
1.181018393907366004e+02
9.484629180055082998e+01
2.754642753962125425e+02
1.337923006606648357e+02
2.505484853988464238e+02
1.024299391854138577e+02
2.104154839533320001e+02
1.331222425354602592e+02
2.660522103094456270e+02
2.367833720824561112e+02
1.264876503792185929e+02
2.576172346719444306e+01
8.414434778302863549e+01
2.667901169761004780e+02
4.243136774601544481e+00
1.343362781109406967e+02
2.359209821225392147e+02
2.505694668945225203e+02
2.371286837171171271e+02
2.521893869815687594e+02
1.768583210253953837e+02
1.835711146347566682e+02
1.668447736628602627e+02
2.387220111475185433e+02
1.261659891268294587e+02
1.840398180487449338e+02
7.202917364816359225e+01
1.163545212160275213e+02
4.835674191422258872e+01
2.771745998276529690e+02
2.899678475934327935e+02
8.982871133743492464e+01
2.744043676029461949e+02
2.563096370963614845e+02
2.676580621824751915e+02
1.884850553288262631e+02
1.049530517663484233e+02
1.331543414108274703e+02
1.367085298525939265e+02
7.383706922917650672e+01
2.318507379035766007e+02
9.175269092813863381e+01
1.219169156874086042e+02
2.268026878104705588e+02
9.846568406261553719e+01
2.567009948910402954e+02
2.800108646376253887e+02
2.256915713828363153e+02
3.046981672352785608e+02
2.433266627265853685e+02
1.244004010675086533e+02
1.958703655290082679e+02
2.721074765326885654e+02
2.465631553318528404e+02
2.213345473407786130e+02
2.902673723350101795e+02
2.744238984432411712e+02
2.641590816253528828e+02
8.146570989924371986e+01
5.652471341813594563e+01
2.753644847210422313e+02
5.459060712806373772e+01
3.472366354199666461e+01
2.744175306203741798e+02
2.400351586409344691e+02
2.749162926277773522e+02
6.150243519999783359e+01
2.471589111411754516e+02
4.244874970122826774e+00
4.100287856532399644e+01
4.161574118540696787e+01
2.844513271124495759e+02
-1.599488524577813653e+00
2.719164685130483008e+02
2.521474926314322715e+02
2.720096401275666835e+02
4.946412454421642479e+01
3.087562153933413356e+02
-5.656919218404965477e-01
2.352208413242117615e+02
2.748432871883100006e+02
2.637530392544065307e+02
2.843396855843350863e+02
-8.112709630143886130e-01
2.779950108804096089e+02
2.580877381384887030e+02
2.812508895615786741e+02
2.599002781830541764e+01
2.583927804882984560e+02
2.840028652822224586e+01
2.963411427414305308e+02
2.457168719236195216e+02
2.608968894356547708e+02
2.688050279235733910e+02
2.636297137923629634e+02
2.896428602101533443e+02
