-1.045817388062605460e+02
-6.363190881155796319e+01
-8.763417305820524916e+01
-1.018645414932937143e+02
-2.476189183334922461e+02
-1.161037655018118642e+02
-3.111357986792538668e+02
-1.098873262363252081e+02
-3.085446638862081272e+02
-7.306625430064937632e+01
-1.682075869092922744e+02
-6.104874416871106746e+01
-1.776989517936578409e+02
-1.005316240296023977e+02
-7.339143492198566321e+01
-1.662207356556906461e+02
-1.060048157536466533e+02
-1.922938913855400926e+02
-9.426323982755722852e+01
-2.138795095097253238e+02
-6.569397922291611280e+01
-9.734715643872743840e+01
-5.456547503654512354e+01
-7.227177461373605638e+01
2.145605031019272246e+00
-7.502388470144151711e+01
-1.263218901715741822e+02
-7.006533374354054899e+01
-1.010150953275253585e+02
-1.009030841488113168e+02
-6.728813903870397439e+01
-1.389393161098242331e+02
-2.382790467285337286e+02
-1.147951644573962113e+02
-1.328011197475184417e+02
-6.625883933729085129e+00
-1.386373050361834203e+01
-2.181464136290807119e+02
-1.909787827650432348e+02
-2.877655976812177414e+02
-6.602650833030762101e+01
-6.318190259668003250e+01
-1.980962896003261164e+02
-2.296064121492224217e+02
-1.404526188332964693e+02
-1.620916722650900965e+02
-6.439057856265672797e+01
-8.224087874033519086e+01
-1.301151013923520168e+02
-9.914434542161967556e+01
-1.382625825792916316e+02
-1.668975498405548592e+02
-2.363447596507377568e+02
-3.454199633794864894e+02
-1.375799816116521583e+02
-7.050453950434405215e+01
-1.563056254411165469e+02
-2.345877306301224223e+02
-1.587331530833667728e+02
-8.054290648232404237e+01
-5.450019985400079747e+01
-1.465964787869560269e+02
-1.180810464924643952e+02
-1.142634732579584096e+02
-1.302954215024884377e+02
-1.232917363639686386e+02
-6.007938601397679435e+01
-5.338349036823553462e+01
-1.613329727497838917e+01
-1.260040928313164983e+02
-5.280809895021111799e+01
-9.016563363954108468e+01
-2.648893083795838947e+02
-2.337143417514542421e+01
-7.745567511513843328e+01
-3.261743301034559295e+01
-9.715098070860059920e+01
-9.374062947946264046e+01
-5.257672096738198775e+01
-1.107937607803113025e+02
-9.386310562039562910e+01
-7.908235853396041648e+01
-8.455799499797564067e+01
-3.290097603517214964e+01
-6.742169189428352638e+01
-8.956806336236454058e+01
-4.446612438284526547e+01
-9.989437644119554705e+01
-8.623080309342856253e+01
-2.079547711811069348e+02
-4.986235099737079679e+01
-5.155501590496095332e+01
-3.367857088306584501e+01
-1.206651999909252879e+02
-1.560371096199318970e+02
-5.654093352912538251e+01
-3.013493320744733239e+01
-4.534732641397903308e+01
-1.035486896317607517e+02
-3.875843615879644233e+01
-7.325980807674088169e+01
-6.397829247653160678e+01
-1.137962679543481102e+02
-5.244655625202540250e+01
-6.743034991844980652e+01
-5.683002259926075084e+01
-1.185637892902235961e+02
-6.180051212816233885e+01
-4.998295234998136038e+01
-1.562958802198713215e+01
-3.944175529535311853e+01
-5.248138506498518296e+01
-6.699311594987167950e+01
-5.991853094894194243e+01
-6.865577601917652828e+01
-8.395858337977981023e+01
-2.423213261562028720e+01
-1.786547721669010969e+01
2.296274347314835040e-01
-4.904682418738273242e+01
1.968695828938450632e+00
-1.453103476638342784e+01
-1.551496287874432767e+01
-1.486154974487027403e+01
-6.166426579609037617e+01
4.201012371681088098e+00
5.072421412738236768e+00
-3.159683448438785547e+01
9.340339293937873322e+00
-5.138699653111940790e+01
-2.059037992024009611e+01
-8.823201535810169105e+01
-1.068607887059737038e+01
-2.767109032485478792e+00
-5.192534609886467933e+01
3.771928799486709671e+00
1.014431396846219968e+01
9.614690839817820134e+00
-9.367012766233230536e+00
1.505945452732993672e+01
-6.094246696567569188e+01
-4.608681066312108499e+01
-4.059373462025696710e+01
3.429781597803946624e+01
2.082513723828276042e+01
-3.871227716065931190e+00
-6.443778266795064269e+00
-8.418512516647354005e+00
-1.292416584141790281e+00
2.636701632643473658e+01
-1.366820885748734327e+01
-1.483428368809296671e+01
3.839581367962729530e+01
4.838802124196575249e+01
2.183498319712536428e+01
1.755576101790295240e+01
-8.096301916038755042e-01
-4.187106017520562773e+00
-2.893618483884118575e+01
6.035442818822176747e+01
-2.111517944484749876e+01
1.074745554847820301e+02
-1.970073870116667649e+02
-1.380336878761877983e+02
-2.050241042438985346e+02
-3.138401139658316019e+00
-2.503292505859121491e+02
-1.880048847934123160e+02
-1.175170904965577137e+02
2.144265049932444001e+01
-1.597149218123117294e+02
4.085747853543655594e+01
1.432555332741672061e+01
-1.865214599851618686e+02
1.852122719714525090e+01
4.726609140164941825e-01
-8.352104166148215825e+01
-6.870581852881090867e+01
-2.915958527806267853e+01
1.061386530622198165e+01
4.817508184877017641e+01
2.936956481908651995e+00
3.999270556294423784e+01
-1.377217715624884420e+01
-4.737470945485098639e+01
-4.006592889332658558e+01
-1.598901247052718873e+02
8.116673056856598123e-01
4.890004992066160128e+01
4.804699096364569755e+01
-3.702872988538048560e+01
-1.307656540579058912e+02
-1.710799102796952980e+02
-4.028406657993961915e+01
-1.441901251797993666e+01
-6.731125869585761734e+01
-3.875833540193588078e+01
-8.492325773093398311e+00
-9.778212642425220480e+00
-2.007200146687665949e+02
-9.515674919925338315e+01
-5.766825348456811184e+01
-1.967748011460108444e+02
1.901838794953834721e+01
-1.417319479556534816e+02
-1.440422640841546240e+02
4.364688843549300401e+01
3.139976916432990706e+00
-1.438518359544281289e+01
2.246766392214307828e+01
-5.086962256158022200e+01
-4.990112778143270589e+01
2.531258456440886562e+01
-1.499033089474216922e+02
1.732501011844281180e+01
8.591694951983544115e+01
-5.823104034219960567e+01
7.439898016041284734e+01
-2.221476014589991621e+01
-4.603477178244966694e+01
-6.085229479032409472e+01
7.422435892282457814e+01
2.554187092637049261e+01
1.307439882140752019e+01
-2.032356145633728772e+01
-1.055021513435310681e+02
8.450176590002564581e+01
-1.079399303663452798e+02
3.249478532582126178e+01
4.021346245801128561e+01
7.546536183768120054e+01
5.625946113012381744e+01
-7.576281701173977012e+01
-1.040487052560511074e+02
4.731676933371603866e+01
-9.733082489714909968e+01
-7.922333645209940300e+01
4.860015818618975914e+00
-2.735087202638436565e+01
-2.985180456575709229e+01
1.516339121182727112e+01
4.431735875525355794e+01
1.756781112454532234e+01
9.729101598793151595e+01
3.782916023356001034e+01
3.726125888331814195e+01
3.886009997617231448e+01
-1.479646189986080458e+02
-8.471645359389006558e+01
-4.269349934275567193e+01
2.295531911845033335e+01
5.786194745980287024e+01
3.996856551687168491e+01
5.381188342627516619e+01
-1.253433006717153297e+00
-9.161225379600506358e+01
3.261833940492522288e+01
5.617293983636571397e+01
8.089380586431320808e+01
3.688133499507193136e+01
1.010063966564504412e+01
-8.587099288163399535e+01
3.996493822981920374e+01
3.868764658738502504e+01
8.753860305198011815e+01
-6.866276700012905110e+01
7.481872578246903061e+01
-6.076593089519128910e+01
6.723619473698516913e+01
9.819583975014919019e+01
-1.276076821298897102e+02
1.003835163634711307e+02
3.377227385528075132e+01
3.965309551549871969e+01
7.796653173853330543e+01
4.254019481559285509e+01
1.354408664589838054e+02
6.482884470433268120e+01
-1.697642492126739455e+01
7.147232463908764544e+01
3.190550679810433721e+01
5.366366665945498937e+01
5.982069368449563029e+01
5.448683537766225271e+01
7.230541422244358785e+01
9.541248480495087847e+01
3.838477445969964208e+01
3.790611665541479880e+01
4.212905433401122934e+01
8.961629286703495723e+01
-9.666399110041750475e+01
8.872429976219574144e+01
8.985593606860204829e+01
9.184716111015669071e+01
1.167185991011783557e+02
7.732067216298516144e+01
5.595153711087581883e+01
-7.587090389803954338e+01
5.054109681903920404e+01
1.036935180004518173e+02
9.500958817479065033e+01
-4.875151907267206752e+01
7.384627710435070469e+01
1.713880682928746424e+01
9.627034690399219130e+01
8.618951072721250739e+01
8.378443181524620798e+01
9.766335589012494722e+01
7.078411433849900902e+01
9.857719994949411557e+01
7.503980153443009726e+01
4.259997963482882710e+01
3.645650370394199058e+01
9.142584667699637180e+00
1.043920033254826052e+02
6.353086292535011381e+01
5.159499529903042259e+01
5.424970982430946975e+01
3.387133457841987649e+01
7.463405494721942546e+01
6.636892818928545523e+01
4.482560598937635632e+01
7.895650689432888214e+01
6.653212317812298693e+01
8.939289908166404075e+01
6.568231674178629476e+01
4.087018454560811875e+01
9.297223911034636501e+01
1.048935758472308351e+02
9.030106873570466064e+01
7.654550325660049737e+01
1.095747355377817343e+02
7.523317066461173397e+01
6.879174870510632900e+01
5.586905760016250611e+01
1.173321162718941508e+02
9.937223267155081885e+01
1.078102751469989897e+02
7.654135933881197218e+01
4.059983096493912313e+01
7.027291091100144627e+01
5.626001481766109436e+01
9.752888687179901694e+01
1.275650490580676433e+02
7.467049308307949218e+01
6.059210619555605604e+01
8.074467116409131506e+01
9.585067214040522288e+01
1.217483558933077070e+01
6.920552798320693455e+01
1.239314307407894518e+02
8.771342833702264841e+01
8.877100624386793015e+01
9.997579416865040969e+01
9.621773763848626260e+00
7.173308303832662602e+01
3.762334688853700015e+01
5.106656576612115828e+01
5.828183279959171870e+01
2.468632164073173101e+02
8.601967673100909906e+01
9.698032503288864348e+01
1.299249649121621530e+02
-1.603531587880335678e+02
1.141303642467359651e+02
1.072226771642904595e+02
1.834713844434756425e+01
5.848926607653088894e+01
-5.441064600893094649e+01
8.194472118585308351e+01
1.061317387368358425e+02
8.418942648440952325e+01
5.930347919430701609e+01
3.985749886339914383e+01
-4.724699577800333117e+00
4.040498398473127395e+01
1.063239970710818341e+02
3.884413122846814304e+01
5.840122801260238816e+01
4.057792752576042261e+01
9.811125397452694585e+01
3.902076923895639027e+01
1.019761324742217994e+02
6.385793063309924023e+00
3.479625704371661499e+01
7.576630736398873012e+01
6.976616778064862956e+01
3.927495730246580763e+01
2.469865270181659511e+01
-1.385566350856117523e+01
8.830068354931952967e+01
-2.074989834564991753e+01
3.161184682986651140e+01
-7.688663581787531598e+01
-2.446346863296542651e+01
2.531932547447414095e+01
-5.212705838821830184e+01
3.515929796434424048e+01
-2.127497627788214274e+01
5.046417479897670688e+01
-1.598244005278611723e+01
-1.822027994399051920e+01
-4.351792581624226841e+01
2.133558145709218579e+01
4.632269097794321056e+00
1.479053456780676434e+01
6.326647154047581978e+01
7.458071138472817552e+00
-3.896019281554677249e+00
-1.457003630313866971e+01
5.658907677602038433e+01
2.493787957986919324e+01
1.424538896113099362e+01
7.361795898721133824e+01
1.171477529430738684e+01
6.078480860147850251e+01
3.945062868625382180e+01
7.352642150035725876e+01
4.585877968733119303e+01
1.617496730397463267e+01
5.240803776007556536e+01
4.146692682095512339e+01
5.440654014594313992e+01
4.176561966002680037e+01
8.786815106610286819e+01
8.556450251357755832e+00
4.630142362626370556e+01
-8.016770642798583424e+01
5.778120425371629665e+01
6.736090393571178936e+01
1.184703346210744002e+01
1.008443764027776126e+02
2.817421367439929369e+01
4.037873482208590303e+01
5.255182281524559329e+01
2.159341810651119786e+01
5.126685321570517573e+01
4.749490844489573149e+00
2.491723375225688741e+01
-2.257633835657959409e+01
5.849103844874903757e+01
4.353288530559680680e+01
-7.213833945174761730e+00
2.553104224713710124e+00
7.827159866049542813e+01
4.867693763826659392e+01
4.765294930160918341e+01
-2.767819603731246048e+01
7.173210592254743290e+01
5.139984043992092211e+01
3.780486698494223674e+01
5.123182731081890040e+01
5.223899781607916282e+01
6.038530567997614185e+01
6.136852537214836190e+01
9.837798735779016113e+01
7.237989955053869551e+01
8.351378201424034842e+01
7.019619222731651575e+01
1.003684058746905663e+02
7.305507485438694459e+01
8.297135852664459321e+01
7.866363654589677878e+01
1.342303855963050125e+02
8.975048934278613899e+01
8.086870450246905762e+01
7.900956987151486999e+01
8.137025040042976798e+01
-9.851307238175596126e+01
1.244053154452740415e+02
8.828890923794310197e+01
7.722861648727158013e+01
4.516643808513583735e+01
1.783011168311047356e+02
1.039360180003993008e+02
3.055045579922963128e+01
1.364892278377078014e+02
1.643244328819002931e+02
1.617929050753056117e+02
7.779319154514998047e+01
1.286921098716372569e+02
2.307784936855724709e+02
1.051990450053560693e+02
9.837319603128996448e+01
8.799708553321098137e+00
1.198447197002430045e+02
9.274958104219760457e+01
9.428204643174441912e+01
2.261473765920645747e+02
6.577532509395342686e+01
1.130587796655641171e+02
1.112300482938912438e+02
1.168680478106060718e+02
2.317466170907301546e+02
1.364672333446214907e+02
7.044229109095248020e+01
1.331253061990067295e+02
2.257054681788291077e+02
8.017591822025867998e+01
2.133114288760122577e+02
