-1.627882706251463105e+02
-2.404451346565087988e+02
-3.489723287876472568e+00
-1.314513403936908844e+02
5.003474303341670293e+01
-2.536931588014996919e+02
-7.612673256548340817e+01
-4.270215127235148884e+02
-1.389653037684107630e+02
-2.839367130458033444e+02
-7.513017738603076623e+01
-1.255443165660422835e+02
-1.199260098233178979e+02
-1.244024862301111511e+02
-1.359651499524714495e+02
-8.294270555294102110e+01
-1.703239517076116272e+02
-1.068148709459868542e+02
-1.462673760128580227e+02
-9.802728359094197685e+01
-6.404465512836762286e+01
-3.166194631813387446e+02
2.411814746044692015e+01
-1.804921463622031581e+02
-4.733514233580193604e+02
-1.765277034558850175e+02
-1.108787612547682215e+02
-1.747244607028192718e+02
-9.050590971019880726e+01
-3.045373860569540625e+00
-1.634986003656486275e+02
-2.046127510980994657e+02
-1.124204052887591843e+02
-1.283345159104945310e+02
-2.255213685535464947e+02
-2.851457063398688092e+02
-4.241940736414835555e+01
-2.033809088139003052e+02
-1.169441825333355496e+02
-2.320771621781962040e+02
-1.055226215437318871e+02
-1.697466844779279427e+02
-1.189947165501298514e+02
-1.957471696549063154e+02
-1.560240242222250799e+02
-1.269978358316444371e+02
-9.482285109908714560e+01
-1.154491489460310731e+02
-3.035034478557022339e+02
-1.977252855853145945e+02
-1.641058517339657215e+02
-1.027743079255980518e+02
-1.249622713833798429e+02
-1.228627903579867677e+02
-1.226659338971519304e+02
-1.311853049025254734e+02
-1.507477492756393929e+02
-9.891679726996549959e+01
-1.008704972679932865e+02
-1.065133860062179139e+02
-1.026055219568021784e+02
-5.261998206252742705e+01
-2.651299548668696389e+02
-3.150527163114059590e+02
-1.752958654031781975e+02
-1.418520213348866719e+02
-1.251010405896356303e+02
-7.787932676394746068e+01
-1.317729721989940685e+02
-9.642199941041894817e+01
-1.340413324944933322e+02
-5.527394315166976213e+01
-3.528332381588962789e+02
1.228430503557277120e+01
-1.086853590420520419e+02
-1.011235940243613243e+02
-4.135295649289021185e+02
-1.196368995866247502e+02
-2.375962560720026033e+02
-7.071218986820237262e+01
-1.488569502820937487e+02
-7.778760914846608898e+01
-7.168793012973453926e+01
-1.655238324321124423e+02
-5.413458833776176959e+01
-5.824178651585826572e+01
-1.439103351209419088e+02
-1.524397144886629007e+02
-8.766460953651008481e+01
-1.266102359764412029e+02
9.523551239285964698e+00
-1.269405056245574599e+02
-9.298058430059755608e+01
-1.398354070073198727e+02
-1.423402020047873862e+02
-5.134924949635952629e+01
-7.588392663531196547e+01
-3.989196071674548705e+01
-3.365092916983612668e+02
-6.574985346853380008e+01
-1.037984326771868950e+02
-2.446603260039312318e+02
-4.164265194256997660e+01
-4.615821138683698166e+01
-8.373608055842615272e+01
-1.101543420673391722e+02
4.178745978334023903e+01
-7.548521295692330568e+01
-7.284806734187826294e+01
-8.098858044425246305e+01
-6.093950689983842750e+01
-1.718470654269416400e+02
-3.085023752455468866e+02
-7.323726539278537473e+01
-7.634863850997633961e+01
2.843204754961013236e+01
-4.661693986342635299e+01
-7.903298047408790694e+01
-9.411222599717400783e+01
-4.491379643929178656e+01
-5.021620239207499736e+01
-1.288669600783015312e+01
-3.709972313903909225e+01
-3.451058878177818201e+00
-1.217842989177888171e+02
-5.336380440383423718e+01
-2.684065711065989035e+01
-1.727262115274187693e+01
-3.398085290664715785e+01
-9.137451380674382051e+01
-1.964754184340980032e+02
-6.223940661873917435e+01
-2.133400795951012014e+02
-3.345609258703874502e+02
4.511318158379458509e+01
3.228429942628068261e+00
-3.471483483668428960e+01
-4.713620066703934697e+01
-4.881766159908930547e+01
-7.669918928294070781e+01
-1.483254973786320363e+01
-2.416400713025949472e+02
-6.475516916828280500e+01
-3.764127146911332744e+01
-3.970255294885919284e+01
1.103447913035253691e+00
-9.169829093058496028e+01
-4.736475837465098948e+01
5.350917405100889823e+01
-4.764213187440518027e+00
2.341154735046580981e+01
-6.052722516902385763e+01
-5.771214510888184179e+01
2.600075084577426310e+01
-4.149628121085090982e+01
-4.355835896162414400e+01
-2.260164123225290211e+01
-6.757036722502843418e+01
1.303895090135473822e+01
-7.959152997143496577e+01
-1.001394749456081001e+01
-7.129822158122027531e+01
3.183541094200569432e+01
-2.270317634965593356e+00
2.477899800504901506e+01
2.505831917356923100e+01
2.519034408186251994e+01
-5.231257413681608170e+01
-7.718139099165213679e+01
-2.797679812950489975e+01
-2.107421126079158853e+02
-3.952558485284329493e+01
1.398229073992561666e+01
9.674951127143444296e+00
-7.685248194463421001e+00
-1.013062100744090799e+02
-4.782240324393217179e+01
-2.835549795327758602e+02
-1.734154783416715873e+01
-1.243599543304221271e+02
-7.121321192072926465e+00
-1.620591583745765263e+01
-1.193282249837420466e+02
-1.647624314744565766e+01
-2.495567576425807488e+01
-3.699763935627800038e+01
-1.282750197703971935e+02
-2.013357130124333594e+02
-3.558848529200346889e+00
4.110945492364379561e+00
-2.601347176529023955e+02
-5.680135470403742559e+00
-1.962660941692127636e+01
3.610887338806975322e+01
-3.045731557451659910e+00
-2.244963243768124244e+02
4.266359668103541480e+01
-2.669632192927002734e+02
6.127912056436480981e+01
1.894822226986347857e+01
-6.757752965422685065e+01
-1.088205277091422545e+02
-1.546852337113030273e+01
-3.112080460525051961e+01
-2.591377835312897560e+01
-2.039026727161905228e+02
-5.828414931574030788e-01
-4.322792731410643796e+01
-1.331790553666662902e+01
-1.557588604428885048e+02
-3.654398372775153092e+01
-5.482063007878458194e+01
-6.386182693436083468e+01
8.728468423921816566e+01
-1.705030585870941309e+02
7.382269840364433833e+01
-5.981062003408131034e+01
-7.945618292145232431e+01
2.583337721978994495e+01
-8.623163114982864386e+01
-1.793153824970616768e+02
4.741963982338413075e+01
1.781592291954805773e+01
-3.759901477824433869e+01
-1.617804705368747875e+01
-1.665021973812754652e+02
-2.446949437273966410e+01
-1.897374250058561529e+02
-4.635323164613151903e+02
-3.895680917522743414e+01
-2.558517402238819898e+02
5.646733795525439348e+01
-6.646580049092865750e+01
-4.266470524332694936e+01
1.017078515644555949e+02
-5.800186562589273365e+01
-9.102637920017357942e+00
-1.058913908604566245e+02
-3.911151630431625392e+01
-1.505090983686682762e+02
1.026697945923432513e+02
4.140622637731676292e+01
-1.923593166394944598e+00
-2.789769789284300714e+02
-9.455964176182990855e+01
-2.714757352801636969e+01
-5.792369378564643512e-03
6.600025620311042474e+01
-1.068931175414365953e+02
-3.811810332849037763e+01
1.362452322233028035e+01
-9.856789116223229996e+01
7.123859135086505034e+01
6.879432340478254559e+01
6.807449207669689883e+01
1.226658631344795225e+02
-1.232817795444815090e+02
1.424655824198227627e+01
2.838934782139155999e+01
-1.512379096164260659e+02
-1.434767509926491584e+02
9.072320475886205315e+01
-2.084085115941986430e+02
9.426238346880742824e+01
-7.428637306213798297e+01
1.069945725284530624e+02
7.346569210514060444e+01
8.703974920280158756e+01
2.335899120371012216e+01
4.235283059298166108e+01
-1.311608227734108922e+01
1.180666638490615483e+01
2.355266559676789484e+01
3.210728956851593097e+01
-1.157011712073768166e+02
7.728916803746660946e+01
-1.204116161237657110e+02
4.186946719146579454e+01
-8.133934435974973098e+01
-4.959403609790584966e+01
9.960836550358693842e+01
1.217853342991855570e+01
4.268382578068756317e+01
6.358987236544916755e+01
8.033437465759658380e+01
5.203954893533042281e+01
3.755264960542704245e+01
-1.551518872206175388e+02
-1.010602817862463496e+02
9.794668950186789402e+01
-4.737977198287617853e+01
-6.776161625315998549e+01
5.711654438856007232e+01
9.482069739656074603e+01
1.019334915093405556e+02
1.244274412288306735e+02
6.290110603442148829e+01
-1.204212606721189047e+02
6.644703836953327425e+01
4.527112850439178260e+01
9.563292275702031020e+01
4.349468772481490220e+01
1.532052269882896312e+01
3.298577021367771067e+01
6.952348631482738028e+01
-6.565720955230812450e+00
6.971285729020833344e+01
8.582809971034291152e+01
-2.568854163385448430e+01
5.716539501990698113e+01
1.013890340258104459e+02
8.844343125597717403e+01
-1.096315694713482003e+01
9.288048993704592249e+01
9.052656223073081776e+01
-2.020226084239027671e+02
5.519202836458083539e+01
7.649375810101957995e+01
1.300619299513604403e+02
2.321355225019274826e+01
8.520997826561320210e+01
5.489924793165108952e+01
6.071463511016088432e+01
2.384837261369158341e+02
-1.806287608966624134e+02
1.215885628531452767e+00
1.628178411092492013e+02
2.981685196406069593e+01
1.415208348281424549e+02
6.282919365356941199e+01
1.827990735386541417e+02
1.198757377921956788e+02
1.366133847167357658e+02
1.130211163005999992e+02
2.740020962793198578e+02
2.778767518293597618e+02
-5.079864960048078615e+01
8.309020271357044862e+01
9.975282485162038881e+01
1.498671184371731044e+02
1.319156645396440695e+02
1.691996424344801255e+02
1.320933589203532392e+02
9.965374411463169935e+00
1.698521448553233881e+02
1.915465058375849310e+02
3.900725765981781024e+01
1.837947637806779539e+02
1.392182180335387329e+02
6.793395536654547762e+00
1.176377028570634593e+02
2.217737206748386569e+01
1.163584969218120051e+02
2.389174846651503117e+02
1.361973922745711434e+02
-3.220792831700353531e+01
-2.731851354183133935e+02
1.549521205533330885e+02
1.560920070513975872e+02
1.771225661467295822e+02
1.565882364543594463e+02
2.881479588519503068e+02
1.201908262096980309e+02
8.842163152967412998e+01
1.687363092616815266e+02
3.042989747105118568e+02
1.113585110976235626e+02
9.433957537275333038e+01
1.182083814399286723e+02
9.164586705709341174e+01
2.861949032580548646e+02
1.937645085966770182e+02
1.359472983469220821e+02
2.647013804519696123e+02
4.751027052312500132e+01
1.305874867653014064e+02
6.305693352545157637e+01
1.208681635217085528e+02
8.644048427173960647e+01
2.823741469260259009e+02
1.452794100425139447e+02
1.079793366519739237e+02
1.656179559426712160e+02
-2.224148451282800920e+00
2.426255684302975908e+02
9.124848204774120575e+01
5.110939033703051138e+01
1.448868117775207054e+02
1.302080247291535784e+02
1.424926646243572179e+02
2.447676277844200285e+02
9.784112159374603834e+01
2.124950021079882276e+02
1.914837018233069443e+02
1.076536320048997766e+02
1.216766889793327664e+02
1.554815351367998346e+02
1.240598331506920857e+02
9.260646111244660972e+01
2.250010141462469164e+02
1.038309469404023702e+02
1.616402804714811055e+02
1.227688210900817296e+02
1.373215262742023697e+02
2.641490374607852800e+02
1.730215630041006136e+02
2.648576097580181568e+02
7.708123177453516917e+01
1.398980381196965936e+02
2.059779511990116703e+02
1.857458684975132996e+02
2.753580498072193450e+02
2.406409892444245315e+02
2.397610018505610583e+02
2.488953483858630307e+02
1.230912933347706542e+02
1.057716762329755653e+02
6.853658336392891215e+01
6.707258024346279512e+01
2.393657346253106368e+02
7.456874777272521726e+01
2.168318491735365114e+02
2.558240719808795234e+02
2.256404052579610493e+02
2.276208328628597712e+02
1.244743143735055071e+02
2.532712164489292945e+02
1.640331958120877118e+02
2.224569405300062499e+02
8.246116108761724206e+01
2.073126865055619135e+02
8.610921432186636082e+01
2.925126459758063220e+02
1.300915983322549607e+02
6.433906258120401844e+01
9.663321314265665762e+01
1.051906893070742939e+02
2.620252392564631236e+02
1.694277570981885503e+02
6.270957563290846082e+01
2.550687622699022938e+02
1.282876181982601054e+02
2.684251142619120856e+02
1.100210975986403383e+02
2.665135940541094897e+02
1.134138696069730514e+02
2.365242329801045003e+02
9.328044176896520412e+01
2.506159304270734651e+02
2.657578877548851324e+02
1.118510868453965941e+02
1.968854961036383884e+02
2.870980534724150175e+02
2.418843922008190930e+02
2.450207700772226076e+02
1.012821653731232914e+02
2.422078680106502588e+02
1.506693758233883784e+02
2.336706806728358288e+02
2.683548231232564376e+02
2.465231004709244189e+02
-2.284324108086984779e+02
1.364100196890482266e+02
2.333202425801369202e+02
1.218306881356721760e+02
2.725427581040222549e+02
2.129254303131003212e+02
2.579615743842224447e+02
2.695619354120698858e+02
2.050883182449068158e+02
2.641957843438900682e+02
2.119022349950712396e+02
2.439606167444369760e+02
2.812454442232559586e+02
2.117119685626319665e+02
2.767794778200707242e+02
2.492456440923047296e+02
-4.514947328063971099e+01
2.425276983816478094e+02
-2.815923204587205930e+01
2.458024554823374217e+02
2.086923737163840542e+02
2.803226609231804787e+02
2.393648023113035777e+02
2.485110592100833458e+02
2.503004713979505027e+02
2.161833957531929400e+02
1.441991371959413470e+02
2.912610109771475209e+02
2.770974711390354059e+02
2.722388027106263735e+02
1.977196899658132452e+02
2.588438811660938086e+02
2.934162940595119835e+02
6.761690832234933168e+01
2.474555841187509770e+02
2.311208199107613552e+02
2.624216279193257151e+02
2.616573032231252682e+02
2.153740834080445836e+02
