-2.100000000000000000e+01
-2.100000000000000000e+01
-2.100000000000000000e+01
-2.100000000000000000e+01
-2.100000000000000000e+01
-2.066666666666666785e+01
-2.071428571428571530e+01
-2.075000000000000000e+01
-2.066666666666666785e+01
-2.069999999999999929e+01
-2.072727272727272663e+01
-2.075000000000000000e+01
-2.061538461538461675e+01
-2.064285714285714235e+01
-2.066666666666666785e+01
-2.068750000000000000e+01
-2.070588235294117752e+01
-2.055555555555555713e+01
-2.052631578947368496e+01
-2.055000000000000071e+01
-2.057142857142857295e+01
-2.059090909090908994e+01
-2.056521739130434767e+01
-2.054166666666666785e+01
-2.051999999999999957e+01
-2.050000000000000000e+01
-2.044444444444444287e+01
-2.042857142857142705e+01
-2.044827586206896441e+01
-2.046666666666666501e+01
-2.045161290322580783e+01
-2.043750000000000000e+01
-2.042424242424242564e+01
-2.038235294117647101e+01
-2.037142857142857011e+01
-2.038888888888888928e+01
-2.040540540540540704e+01
-2.039473684210526372e+01
-2.041025641025640880e+01
-2.042500000000000071e+01
-2.043902439024390105e+01
-2.045238095238095255e+01
-2.044186046511627808e+01
-2.045454545454545325e+01
-2.046666666666666501e+01
-2.045652173913043370e+01
-2.046808510638297918e+01
-2.041666666666666785e+01
-2.042857142857142705e+01
-2.044000000000000128e+01
-2.045098039215686114e+01
-2.046153846153845990e+01
-2.047169811320754818e+01
-2.044444444444444287e+01
-2.045454545454545325e+01
-2.042857142857142705e+01
-2.043859649122806843e+01
-2.036206896551724199e+01
-2.035593220338983045e+01
-2.035000000000000142e+01
-2.036065573770491710e+01
-2.037096774193548399e+01
-2.038095238095237960e+01
-2.039062500000000000e+01
-2.039999999999999858e+01
-2.040909090909091006e+01
-2.041791044776119435e+01
-2.041176470588235148e+01
-2.042028985507246475e+01
-2.042857142857142705e+01
-2.043661971830985991e+01
-2.044444444444444287e+01
-2.043835616438356340e+01
-2.044594594594594739e+01
-2.045333333333333314e+01
-2.046052631578947256e+01
-2.045454545454545325e+01
-2.046153846153845990e+01
-2.046835443037974755e+01
-2.047500000000000142e+01
-2.046913580246913611e+01
-2.046341463414634276e+01
-2.044578313253012070e+01
-2.045238095238095255e+01
-2.045882352941176308e+01
-2.046511627906976827e+01
-2.047126436781609371e+01
-2.047727272727272663e+01
-2.048314606741573130e+01
-2.047777777777777786e+01
-2.048351648351648180e+01
-2.046739130434782439e+01
-2.046236559139784816e+01
-2.045744680851063890e+01
-2.046315789473684177e+01
-2.046875000000000000e+01
-2.046391752577319423e+01
-2.046938775510204067e+01
-2.047474747474747403e+01
-2.048000000000000043e+01
-2.048000000000000043e+01
-2.048000000000000043e+01
-2.046999999999999886e+01
-2.044999999999999929e+01
-2.044999999999999929e+01
-2.046000000000000085e+01
-2.044999999999999929e+01
-2.044999999999999929e+01
-2.046000000000000085e+01
-2.046000000000000085e+01
-2.046000000000000085e+01
-2.046000000000000085e+01
-2.046000000000000085e+01
-2.046000000000000085e+01
-2.046000000000000085e+01
-2.046000000000000085e+01
-2.044999999999999929e+01
-2.048000000000000043e+01
-2.048999999999999844e+01
-2.046999999999999886e+01
-2.046000000000000085e+01
-2.044000000000000128e+01
-2.044999999999999929e+01
-2.046000000000000085e+01
-2.046999999999999886e+01
-2.046999999999999886e+01
-2.048999999999999844e+01
-2.048999999999999844e+01
-2.048999999999999844e+01
-2.048999999999999844e+01
-2.048999999999999844e+01
-2.050000000000000000e+01
-2.050000000000000000e+01
-2.051999999999999957e+01
-2.051999999999999957e+01
-2.051999999999999957e+01
-2.051999999999999957e+01
-2.053000000000000114e+01
-2.051000000000000156e+01
-2.051000000000000156e+01
-2.051000000000000156e+01
-2.051000000000000156e+01
-2.051999999999999957e+01
-2.051999999999999957e+01
-2.051000000000000156e+01
-2.051000000000000156e+01
-2.050000000000000000e+01
-2.053000000000000114e+01
-2.053000000000000114e+01
-2.051999999999999957e+01
-2.051000000000000156e+01
-2.051000000000000156e+01
-2.050000000000000000e+01
-2.051999999999999957e+01
-2.051999999999999957e+01
-2.053999999999999915e+01
-2.053999999999999915e+01
-2.058999999999999986e+01
-2.060000000000000142e+01
-2.060999999999999943e+01
-2.057999999999999829e+01
-2.057000000000000028e+01
-2.057000000000000028e+01
-2.057000000000000028e+01
-2.057000000000000028e+01
-2.055999999999999872e+01
-2.055999999999999872e+01
-2.057000000000000028e+01
-2.057000000000000028e+01
-2.057000000000000028e+01
-2.057000000000000028e+01
-2.055999999999999872e+01
-2.055999999999999872e+01
-2.053999999999999915e+01
-2.053999999999999915e+01
-2.053999999999999915e+01
-2.053000000000000114e+01
-2.053000000000000114e+01
-2.053000000000000114e+01
-2.051999999999999957e+01
-2.053000000000000114e+01
-2.053999999999999915e+01
-2.055999999999999872e+01
-2.055000000000000071e+01
-2.055000000000000071e+01
-2.055000000000000071e+01
-2.055000000000000071e+01
-2.055000000000000071e+01
-2.053000000000000114e+01
-2.053999999999999915e+01
-2.051999999999999957e+01
-2.053000000000000114e+01
-2.053999999999999915e+01
-2.055000000000000071e+01
-2.053999999999999915e+01
-2.053999999999999915e+01
-2.053999999999999915e+01
-2.053999999999999915e+01
-2.053000000000000114e+01
-2.053000000000000114e+01
-2.053000000000000114e+01
-2.053000000000000114e+01
-2.053000000000000114e+01
-2.055000000000000071e+01
-2.055000000000000071e+01
-2.053999999999999915e+01
-2.053000000000000114e+01
-2.053000000000000114e+01
-2.050000000000000000e+01
-2.048999999999999844e+01
-2.048999999999999844e+01
-2.048000000000000043e+01
-2.048999999999999844e+01
-2.048000000000000043e+01
-2.044000000000000128e+01
-2.042999999999999972e+01
-2.042999999999999972e+01
-2.042000000000000171e+01
-2.041000000000000014e+01
-2.041000000000000014e+01
-2.039999999999999858e+01
-2.041000000000000014e+01
-2.041000000000000014e+01
-2.041000000000000014e+01
-2.041000000000000014e+01
-2.041000000000000014e+01
-2.041000000000000014e+01
-2.041000000000000014e+01
-2.041000000000000014e+01
-2.041000000000000014e+01
-2.041000000000000014e+01
-2.041000000000000014e+01
-2.042000000000000171e+01
-2.041000000000000014e+01
-2.039000000000000057e+01
-2.039000000000000057e+01
-2.037000000000000099e+01
-2.035999999999999943e+01
-2.037000000000000099e+01
-2.037000000000000099e+01
-2.033999999999999986e+01
-2.033999999999999986e+01
-2.032999999999999829e+01
-2.032000000000000028e+01
-2.032999999999999829e+01
-2.033999999999999986e+01
-2.035000000000000142e+01
-2.035000000000000142e+01
-2.032999999999999829e+01
-2.033999999999999986e+01
-2.035000000000000142e+01
-2.035000000000000142e+01
-2.035999999999999943e+01
-2.035999999999999943e+01
-2.035999999999999943e+01
-2.035000000000000142e+01
-2.033999999999999986e+01
-2.033999999999999986e+01
-2.033999999999999986e+01
-2.033999999999999986e+01
-2.037000000000000099e+01
-2.037000000000000099e+01
-2.037000000000000099e+01
-2.035999999999999943e+01
-2.033999999999999986e+01
-2.035000000000000142e+01
-2.035000000000000142e+01
-2.035000000000000142e+01
-2.033999999999999986e+01
-2.033999999999999986e+01
-2.033999999999999986e+01
-2.035000000000000142e+01
-2.035999999999999943e+01
-2.037999999999999901e+01
-2.037000000000000099e+01
-2.035000000000000142e+01
-2.037000000000000099e+01
-2.037000000000000099e+01
-2.035999999999999943e+01
-2.037000000000000099e+01
-2.035999999999999943e+01
-2.035000000000000142e+01
-2.033999999999999986e+01
-2.035000000000000142e+01
-2.035000000000000142e+01
-2.035000000000000142e+01
-2.035000000000000142e+01
-2.035000000000000142e+01
-2.035000000000000142e+01
-2.035000000000000142e+01
-2.037000000000000099e+01
-2.037999999999999901e+01
-2.037999999999999901e+01
-2.037000000000000099e+01
-2.037000000000000099e+01
-2.037000000000000099e+01
-2.037000000000000099e+01
-2.037000000000000099e+01
-2.037999999999999901e+01
-2.037000000000000099e+01
-2.037000000000000099e+01
-2.035999999999999943e+01
-2.037000000000000099e+01
-2.035000000000000142e+01
-2.035000000000000142e+01
-2.035999999999999943e+01
-2.037999999999999901e+01
-2.037999999999999901e+01
-2.041000000000000014e+01
-2.042000000000000171e+01
-2.042000000000000171e+01
-2.042000000000000171e+01
-2.042000000000000171e+01
-2.042000000000000171e+01
-2.046000000000000085e+01
-2.046999999999999886e+01
-2.046999999999999886e+01
-2.048000000000000043e+01
-2.048999999999999844e+01
-2.051000000000000156e+01
-2.051999999999999957e+01
-2.053000000000000114e+01
-2.053000000000000114e+01
-2.053000000000000114e+01
-2.053000000000000114e+01
-2.053999999999999915e+01
-2.053999999999999915e+01
-2.055000000000000071e+01
-2.053999999999999915e+01
-2.053999999999999915e+01
-2.055000000000000071e+01
-2.055000000000000071e+01
-2.053000000000000114e+01
-2.048999999999999844e+01
-2.051000000000000156e+01
-2.050000000000000000e+01
-2.051999999999999957e+01
-2.053000000000000114e+01
-2.053000000000000114e+01
-2.053000000000000114e+01
-2.055000000000000071e+01
-2.053000000000000114e+01
-2.053999999999999915e+01
-2.053999999999999915e+01
-2.053000000000000114e+01
-2.051999999999999957e+01
-2.051000000000000156e+01
-2.050000000000000000e+01
-2.051999999999999957e+01
-2.051999999999999957e+01
-2.051999999999999957e+01
-2.051999999999999957e+01
-2.050000000000000000e+01
-2.046999999999999886e+01
-2.046000000000000085e+01
-2.044999999999999929e+01
-2.046000000000000085e+01
-2.046000000000000085e+01
-2.044999999999999929e+01
-2.044000000000000128e+01
-2.044000000000000128e+01
-2.042999999999999972e+01
-2.042000000000000171e+01
-2.042999999999999972e+01
-2.044999999999999929e+01
-2.044999999999999929e+01
-2.044999999999999929e+01
-2.042999999999999972e+01
-2.044000000000000128e+01
-2.044000000000000128e+01
-2.042999999999999972e+01
-2.039999999999999858e+01
-2.039000000000000057e+01
-2.037999999999999901e+01
-2.037000000000000099e+01
-2.035000000000000142e+01
-2.032999999999999829e+01
-2.032000000000000028e+01
-2.032999999999999829e+01
-2.032999999999999829e+01
-2.032000000000000028e+01
-2.030000000000000071e+01
-2.030000000000000071e+01
-2.028999999999999915e+01
-2.026999999999999957e+01
-2.026000000000000156e+01
-2.023999999999999844e+01
-2.023999999999999844e+01
-2.026000000000000156e+01
-2.026000000000000156e+01
-2.023000000000000043e+01
-2.023000000000000043e+01
-2.019000000000000128e+01
-2.019000000000000128e+01
-2.019000000000000128e+01
-2.019000000000000128e+01
-2.019000000000000128e+01
-2.017999999999999972e+01
-2.017999999999999972e+01
-2.019000000000000128e+01
-2.017000000000000171e+01
-2.016000000000000014e+01
-2.014000000000000057e+01
-2.014000000000000057e+01
-2.012000000000000099e+01
-2.010000000000000142e+01
-2.008999999999999986e+01
-2.007999999999999829e+01
-2.005999999999999872e+01
-2.003000000000000114e+01
-2.003000000000000114e+01
-2.003999999999999915e+01
-2.003999999999999915e+01
-2.003000000000000114e+01
-2.003000000000000114e+01
-2.001000000000000156e+01
-1.998999999999999844e+01
-1.998000000000000043e+01
-1.996999999999999886e+01
-1.996999999999999886e+01
-1.992999999999999972e+01
-1.992000000000000171e+01
-1.989999999999999858e+01
-1.987999999999999901e+01
-1.987000000000000099e+01
-1.985000000000000142e+01
-1.983999999999999986e+01
-1.980000000000000071e+01
-1.976999999999999957e+01
-1.976000000000000156e+01
-1.976000000000000156e+01
-1.971999999999999886e+01
-1.973999999999999844e+01
-1.978999999999999915e+01
-1.978000000000000114e+01
-1.978999999999999915e+01
-1.976000000000000156e+01
-1.973999999999999844e+01
-1.973000000000000043e+01
-1.969999999999999929e+01
-1.971000000000000085e+01
-1.971000000000000085e+01
-1.969999999999999929e+01
-1.969999999999999929e+01
-1.966000000000000014e+01
-1.966000000000000014e+01
-1.966000000000000014e+01
-1.962000000000000099e+01
-1.960999999999999943e+01
-1.958999999999999986e+01
-1.957999999999999829e+01
-1.955999999999999872e+01
-1.955999999999999872e+01
-1.955999999999999872e+01
-1.955999999999999872e+01
-1.951999999999999957e+01
-1.951000000000000156e+01
-1.950000000000000000e+01
-1.951000000000000156e+01
-1.950000000000000000e+01
-1.948999999999999844e+01
-1.948000000000000043e+01
-1.944999999999999929e+01
-1.944000000000000128e+01
-1.944000000000000128e+01
-1.944000000000000128e+01
-1.939000000000000057e+01
-1.939999999999999858e+01
-1.939000000000000057e+01
-1.935999999999999943e+01
-1.935999999999999943e+01
-1.935999999999999943e+01
-1.937000000000000099e+01
-1.935999999999999943e+01
-1.937000000000000099e+01
-1.935000000000000142e+01
-1.937000000000000099e+01
-1.935000000000000142e+01
-1.930999999999999872e+01
-1.930000000000000071e+01
-1.932000000000000028e+01
-1.930999999999999872e+01
-1.926000000000000156e+01
-1.926000000000000156e+01
-1.926999999999999957e+01
-1.926000000000000156e+01
-1.923000000000000043e+01
-1.917999999999999972e+01
-1.917000000000000171e+01
-1.916000000000000014e+01
-1.914999999999999858e+01
-1.912999999999999901e+01
-1.917000000000000171e+01
-1.914999999999999858e+01
-1.910999999999999943e+01
-1.910000000000000142e+01
-1.907000000000000028e+01
-1.903999999999999915e+01
-1.900000000000000000e+01
-1.896000000000000085e+01
-1.896000000000000085e+01
-1.896000000000000085e+01
-1.892000000000000171e+01
-1.892000000000000171e+01
-1.892999999999999972e+01
-1.896000000000000085e+01
-1.892999999999999972e+01
-1.892000000000000171e+01
-1.891000000000000014e+01
-1.894000000000000128e+01
-1.891000000000000014e+01
-1.889999999999999858e+01
-1.885999999999999943e+01
-1.885999999999999943e+01
-1.885000000000000142e+01
-1.882999999999999829e+01
-1.878000000000000114e+01
-1.873999999999999844e+01
-1.871000000000000085e+01
-1.866000000000000014e+01
-1.871000000000000085e+01
-1.869000000000000128e+01
-1.869000000000000128e+01
-1.864999999999999858e+01
-1.862999999999999901e+01
-1.864000000000000057e+01
-1.860999999999999943e+01
-1.864000000000000057e+01
-1.866000000000000014e+01
-1.864999999999999858e+01
-1.860999999999999943e+01
-1.862999999999999901e+01
-1.862999999999999901e+01
-1.862000000000000099e+01
-1.862999999999999901e+01
-1.860000000000000142e+01
-1.857000000000000028e+01
-1.857000000000000028e+01
-1.857000000000000028e+01
-1.857999999999999829e+01
-1.855999999999999872e+01
-1.855000000000000071e+01
-1.851999999999999957e+01
-1.851000000000000156e+01
-1.851000000000000156e+01
-1.851000000000000156e+01
-1.851000000000000156e+01
-1.853999999999999915e+01
-1.853999999999999915e+01
-1.851000000000000156e+01
-1.846000000000000085e+01
-1.848000000000000043e+01
-1.846999999999999886e+01
-1.848999999999999844e+01
-1.850000000000000000e+01
-1.853999999999999915e+01
-1.851999999999999957e+01
-1.851000000000000156e+01
-1.846999999999999886e+01
-1.846999999999999886e+01
-1.841000000000000014e+01
-1.842999999999999972e+01
-1.842999999999999972e+01
-1.842999999999999972e+01
-1.841000000000000014e+01
-1.835999999999999943e+01
-1.837999999999999901e+01
-1.835000000000000142e+01
-1.833999999999999986e+01
-1.832999999999999829e+01
-1.828000000000000114e+01
-1.830999999999999872e+01
-1.828000000000000114e+01
-1.828999999999999915e+01
-1.828000000000000114e+01
-1.830999999999999872e+01
-1.830999999999999872e+01
-1.830000000000000071e+01
-1.832999999999999829e+01
-1.830000000000000071e+01
-1.826999999999999957e+01
-1.828999999999999915e+01
-1.830999999999999872e+01
-1.832000000000000028e+01
-1.832000000000000028e+01
-1.828000000000000114e+01
-1.832000000000000028e+01
-1.835000000000000142e+01
-1.835000000000000142e+01
-1.832000000000000028e+01
-1.832000000000000028e+01
-1.830000000000000071e+01
-1.828000000000000114e+01
-1.830000000000000071e+01
-1.833999999999999986e+01
-1.826999999999999957e+01
-1.828999999999999915e+01
-1.830999999999999872e+01
-1.828000000000000114e+01
-1.830000000000000071e+01
-1.828000000000000114e+01
-1.823000000000000043e+01
-1.825000000000000000e+01
-1.823000000000000043e+01
-1.821000000000000085e+01
-1.819999999999999929e+01
-1.819000000000000128e+01
-1.814000000000000057e+01
-1.814999999999999858e+01
-1.812000000000000099e+01
-1.810999999999999943e+01
-1.808999999999999986e+01
-1.807999999999999829e+01
-1.808999999999999986e+01
-1.807999999999999829e+01
-1.807999999999999829e+01
-1.812000000000000099e+01
-1.814999999999999858e+01
-1.816000000000000014e+01
-1.810000000000000142e+01
-1.805000000000000071e+01
-1.807000000000000028e+01
-1.803999999999999915e+01
-1.808999999999999986e+01
-1.808999999999999986e+01
-1.808999999999999986e+01
-1.808999999999999986e+01
-1.807999999999999829e+01
-1.803999999999999915e+01
-1.803000000000000114e+01
-1.803000000000000114e+01
-1.798999999999999844e+01
-1.792999999999999972e+01
-1.789999999999999858e+01
-1.789999999999999858e+01
-1.787999999999999901e+01
-1.792000000000000171e+01
-1.792000000000000171e+01
-1.785999999999999943e+01
-1.783999999999999986e+01
-1.785999999999999943e+01
-1.782999999999999829e+01
-1.785000000000000142e+01
-1.783999999999999986e+01
-1.780999999999999872e+01
-1.778000000000000114e+01
-1.775000000000000000e+01
-1.776999999999999957e+01
-1.775000000000000000e+01
-1.776000000000000156e+01
-1.778000000000000114e+01
-1.775000000000000000e+01
-1.773999999999999844e+01
-1.771999999999999886e+01
-1.769000000000000128e+01
-1.764999999999999858e+01
-1.758999999999999986e+01
-1.757999999999999829e+01
-1.762000000000000099e+01
-1.758999999999999986e+01
-1.760000000000000142e+01
-1.760000000000000142e+01
-1.760000000000000142e+01
-1.755000000000000071e+01
-1.755999999999999872e+01
-1.760999999999999943e+01
-1.762000000000000099e+01
-1.764999999999999858e+01
-1.760000000000000142e+01
-1.760000000000000142e+01
-1.760999999999999943e+01
-1.757000000000000028e+01
-1.757999999999999829e+01
-1.757999999999999829e+01
-1.748999999999999844e+01
-1.748999999999999844e+01
-1.746000000000000085e+01
-1.742999999999999972e+01
-1.742999999999999972e+01
-1.746999999999999886e+01
-1.746000000000000085e+01
-1.742999999999999972e+01
-1.744000000000000128e+01
-1.739999999999999858e+01
-1.741000000000000014e+01
-1.739999999999999858e+01
-1.735999999999999943e+01
-1.732999999999999829e+01
-1.730999999999999872e+01
-1.730999999999999872e+01
-1.730999999999999872e+01
-1.728999999999999915e+01
-1.728000000000000114e+01
-1.726999999999999957e+01
-1.726000000000000156e+01
-1.732999999999999829e+01
-1.732999999999999829e+01
-1.730999999999999872e+01
-1.735000000000000142e+01
-1.728000000000000114e+01
-1.730000000000000071e+01
-1.728999999999999915e+01
-1.725000000000000000e+01
-1.726000000000000156e+01
-1.721999999999999886e+01
-1.719000000000000128e+01
-1.719999999999999929e+01
-1.726000000000000156e+01
-1.725000000000000000e+01
-1.721000000000000085e+01
-1.721000000000000085e+01
-1.723000000000000043e+01
-1.723000000000000043e+01
-1.717000000000000171e+01
-1.707000000000000028e+01
-1.701000000000000156e+01
-1.692999999999999972e+01
-1.687999999999999901e+01
-1.687999999999999901e+01
-1.691000000000000014e+01
-1.694999999999999929e+01
-1.691000000000000014e+01
-1.685000000000000142e+01
-1.676999999999999957e+01
-1.678000000000000114e+01
-1.673999999999999844e+01
-1.667999999999999972e+01
-1.662000000000000099e+01
-1.660000000000000142e+01
-1.657000000000000028e+01
-1.655999999999999872e+01
-1.658999999999999986e+01
-1.657999999999999829e+01
-1.653999999999999915e+01
-1.646999999999999886e+01
-1.642000000000000171e+01
-1.639999999999999858e+01
-1.637999999999999901e+01
-1.641000000000000014e+01
-1.642000000000000171e+01
-1.635999999999999943e+01
-1.637000000000000099e+01
-1.637000000000000099e+01
-1.633999999999999986e+01
-1.637999999999999901e+01
-1.639000000000000057e+01
-1.639999999999999858e+01
-1.635000000000000142e+01
-1.635999999999999943e+01
-1.637999999999999901e+01
-1.639000000000000057e+01
-1.639000000000000057e+01
-1.642000000000000171e+01
-1.642999999999999972e+01
-1.642000000000000171e+01
-1.644999999999999929e+01
-1.646999999999999886e+01
-1.642999999999999972e+01
-1.642000000000000171e+01
-1.642999999999999972e+01
-1.648000000000000043e+01
-1.641000000000000014e+01
-1.635000000000000142e+01
-1.632999999999999829e+01
-1.628999999999999915e+01
-1.626000000000000156e+01
-1.623000000000000043e+01
-1.623000000000000043e+01
-1.623000000000000043e+01
-1.621999999999999886e+01
-1.623000000000000043e+01
-1.623000000000000043e+01
-1.621000000000000085e+01
-1.610999999999999943e+01
-1.617999999999999972e+01
-1.616000000000000014e+01
-1.614000000000000057e+01
-1.617000000000000171e+01
-1.607999999999999829e+01
-1.603999999999999915e+01
-1.603999999999999915e+01
-1.599000000000000021e+01
-1.596000000000000085e+01
-1.598000000000000043e+01
-1.593999999999999950e+01
-1.591000000000000014e+01
-1.594999999999999929e+01
-1.590000000000000036e+01
-1.586999999999999922e+01
-1.584999999999999964e+01
-1.583999999999999986e+01
-1.583999999999999986e+01
-1.584999999999999964e+01
-1.578999999999999915e+01
-1.575999999999999979e+01
-1.572000000000000064e+01
-1.571000000000000085e+01
-1.567999999999999972e+01
-1.569999999999999929e+01
-1.573000000000000043e+01
-1.568999999999999950e+01
-1.571000000000000085e+01
-1.574000000000000021e+01
-1.571000000000000085e+01
-1.574000000000000021e+01
-1.572000000000000064e+01
-1.563000000000000078e+01
-1.557000000000000028e+01
-1.556000000000000050e+01
-1.561999999999999922e+01
-1.555000000000000071e+01
-1.556000000000000050e+01
-1.559999999999999964e+01
-1.563000000000000078e+01
-1.571000000000000085e+01
-1.577999999999999936e+01
-1.584999999999999964e+01
-1.583999999999999986e+01
-1.582000000000000028e+01
-1.585999999999999943e+01
-1.581000000000000050e+01
-1.578999999999999915e+01
-1.588000000000000078e+01
-1.593999999999999950e+01
-1.591999999999999993e+01
-1.590000000000000036e+01
-1.597000000000000064e+01
-1.601999999999999957e+01
-1.603999999999999915e+01
-1.607999999999999829e+01
-1.607000000000000028e+01
-1.601999999999999957e+01
-1.605999999999999872e+01
-1.607999999999999829e+01
-1.607000000000000028e+01
-1.614000000000000057e+01
-1.608999999999999986e+01
-1.608999999999999986e+01
-1.607999999999999829e+01
-1.605999999999999872e+01
-1.607999999999999829e+01
-1.607999999999999829e+01
-1.605000000000000071e+01
-1.608999999999999986e+01
-1.607999999999999829e+01
-1.607000000000000028e+01
-1.605000000000000071e+01
-1.599000000000000021e+01
-1.596000000000000085e+01
-1.592999999999999972e+01
-1.585999999999999943e+01
-1.585999999999999943e+01
-1.576999999999999957e+01
-1.564000000000000057e+01
-1.563000000000000078e+01
-1.563000000000000078e+01
-1.561999999999999922e+01
-1.564000000000000057e+01
-1.557000000000000028e+01
-1.558000000000000007e+01
-1.547000000000000064e+01
-1.549000000000000021e+01
-1.548000000000000043e+01
-1.550000000000000000e+01
-1.553999999999999915e+01
-1.550999999999999979e+01
-1.551999999999999957e+01
-1.550000000000000000e+01
-1.553999999999999915e+01
-1.556000000000000050e+01
-1.558000000000000007e+01
-1.558999999999999986e+01
-1.558000000000000007e+01
-1.555000000000000071e+01
-1.551999999999999957e+01
-1.553999999999999915e+01
-1.550999999999999979e+01
-1.546000000000000085e+01
-1.551999999999999957e+01
-1.547000000000000064e+01
-1.548000000000000043e+01
-1.556000000000000050e+01
-1.555000000000000071e+01
-1.548000000000000043e+01
-1.542999999999999972e+01
-1.550000000000000000e+01
-1.547000000000000064e+01
-1.555000000000000071e+01
-1.558999999999999986e+01
-1.558000000000000007e+01
-1.563000000000000078e+01
-1.566000000000000014e+01
-1.566999999999999993e+01
-1.573000000000000043e+01
-1.569999999999999929e+01
-1.566999999999999993e+01
-1.563000000000000078e+01
-1.569999999999999929e+01
-1.566000000000000014e+01
-1.567999999999999972e+01
-1.563000000000000078e+01
-1.565000000000000036e+01
-1.563000000000000078e+01
-1.565000000000000036e+01
-1.563000000000000078e+01
-1.564000000000000057e+01
-1.575999999999999979e+01
-1.577999999999999936e+01
-1.578999999999999915e+01
-1.574000000000000021e+01
-1.580000000000000071e+01
-1.573000000000000043e+01
-1.567999999999999972e+01
-1.568999999999999950e+01
-1.572000000000000064e+01
-1.573000000000000043e+01
-1.573000000000000043e+01
-1.574000000000000021e+01
-1.574000000000000021e+01
-1.574000000000000021e+01
-1.573000000000000043e+01
-1.572000000000000064e+01
-1.569999999999999929e+01
-1.571000000000000085e+01
-1.566000000000000014e+01
-1.567999999999999972e+01
-1.564000000000000057e+01
-1.561999999999999922e+01
-1.560999999999999943e+01
-1.553999999999999915e+01
-1.553999999999999915e+01
-1.558999999999999986e+01
-1.557000000000000028e+01
-1.558000000000000007e+01
-1.561999999999999922e+01
-1.564000000000000057e+01
-1.566999999999999993e+01
-1.566000000000000014e+01
-1.567999999999999972e+01
-1.564000000000000057e+01
-1.563000000000000078e+01
-1.552999999999999936e+01
-1.549000000000000021e+01
-1.544999999999999929e+01
-1.547000000000000064e+01
-1.547000000000000064e+01
-1.543999999999999950e+01
-1.547000000000000064e+01
-1.547000000000000064e+01
-1.547000000000000064e+01
-1.550999999999999979e+01
-1.547000000000000064e+01
-1.551999999999999957e+01
-1.560999999999999943e+01
-1.564000000000000057e+01
-1.560999999999999943e+01
-1.555000000000000071e+01
-1.553999999999999915e+01
-1.558000000000000007e+01
-1.558000000000000007e+01
-1.566999999999999993e+01
-1.569999999999999929e+01
-1.574000000000000021e+01
-1.567999999999999972e+01
-1.564000000000000057e+01
-1.566999999999999993e+01
-1.565000000000000036e+01
-1.564000000000000057e+01
-1.561999999999999922e+01
-1.558999999999999986e+01
-1.558999999999999986e+01
-1.556000000000000050e+01
-1.550999999999999979e+01
-1.552999999999999936e+01
-1.552999999999999936e+01
-1.543999999999999950e+01
-1.540000000000000036e+01
-1.541999999999999993e+01
-1.539000000000000057e+01
-1.536999999999999922e+01
-1.533000000000000007e+01
-1.526999999999999957e+01
-1.531000000000000050e+01
-1.536999999999999922e+01
-1.541999999999999993e+01
-1.541999999999999993e+01
-1.541999999999999993e+01
-1.534999999999999964e+01
-1.530000000000000071e+01
-1.530000000000000071e+01
-1.521000000000000085e+01
-1.517999999999999972e+01
-1.516000000000000014e+01
-1.514000000000000057e+01
-1.517999999999999972e+01
-1.518999999999999950e+01
-1.516000000000000014e+01
-1.506000000000000050e+01
-1.505000000000000071e+01
-1.506000000000000050e+01
-1.491999999999999993e+01
-1.494999999999999929e+01
-1.500999999999999979e+01
-1.499000000000000021e+01
-1.497000000000000064e+01
-1.489000000000000057e+01
-1.488000000000000078e+01
-1.480000000000000071e+01
-1.474000000000000021e+01
-1.466000000000000014e+01
-1.464000000000000057e+01
-1.466999999999999993e+01
-1.467999999999999972e+01
-1.459999999999999964e+01
-1.451999999999999957e+01
-1.450000000000000000e+01
-1.439000000000000057e+01
-1.440000000000000036e+01
-1.433000000000000007e+01
-1.430000000000000071e+01
-1.425000000000000000e+01
-1.417999999999999972e+01
-1.413000000000000078e+01
-1.401999999999999957e+01
-1.399000000000000021e+01
-1.392999999999999972e+01
-1.391999999999999993e+01
-1.391999999999999993e+01
-1.388000000000000078e+01
-1.388000000000000078e+01
-1.390000000000000036e+01
-1.386999999999999922e+01
-1.385999999999999943e+01
-1.383000000000000007e+01
-1.380000000000000071e+01
-1.372000000000000064e+01
-1.373000000000000043e+01
-1.372000000000000064e+01
-1.373000000000000043e+01
-1.375999999999999979e+01
-1.369999999999999929e+01
-1.383000000000000007e+01
-1.375999999999999979e+01
-1.371000000000000085e+01
-1.363000000000000078e+01
-1.358999999999999986e+01
-1.360999999999999943e+01
-1.358000000000000007e+01
-1.357000000000000028e+01
-1.357000000000000028e+01
-1.351999999999999957e+01
-1.355000000000000071e+01
-1.348000000000000043e+01
-1.350000000000000000e+01
-1.350000000000000000e+01
-1.350000000000000000e+01
-1.353999999999999915e+01
-1.356000000000000050e+01
-1.351999999999999957e+01
-1.342999999999999972e+01
-1.338000000000000078e+01
-1.338000000000000078e+01
-1.341999999999999993e+01
-1.352999999999999936e+01
-1.357000000000000028e+01
-1.359999999999999964e+01
-1.366000000000000014e+01
-1.366000000000000014e+01
-1.366000000000000014e+01
-1.369999999999999929e+01
-1.366999999999999993e+01
-1.366999999999999993e+01
-1.371000000000000085e+01
-1.376999999999999957e+01
-1.366999999999999993e+01
-1.372000000000000064e+01
-1.381000000000000050e+01
-1.385999999999999943e+01
-1.383999999999999986e+01
-1.388000000000000078e+01
-1.383999999999999986e+01
-1.382000000000000028e+01
-1.381000000000000050e+01
-1.368999999999999950e+01
-1.364000000000000057e+01
-1.349000000000000021e+01
-1.341000000000000014e+01
-1.333000000000000007e+01
-1.333000000000000007e+01
-1.333000000000000007e+01
-1.330000000000000071e+01
-1.325000000000000000e+01
-1.315000000000000036e+01
-1.316000000000000014e+01
-1.308999999999999986e+01
-1.308000000000000007e+01
-1.314000000000000057e+01
-1.315000000000000036e+01
-1.308999999999999986e+01
-1.302999999999999936e+01
-1.317999999999999972e+01
-1.317999999999999972e+01
-1.313000000000000078e+01
-1.316000000000000014e+01
-1.318999999999999950e+01
-1.325999999999999979e+01
-1.323000000000000043e+01
-1.333000000000000007e+01
-1.334999999999999964e+01
-1.340000000000000036e+01
-1.334999999999999964e+01
-1.332000000000000028e+01
-1.323000000000000043e+01
-1.325999999999999979e+01
-1.326999999999999957e+01
-1.323000000000000043e+01
-1.326999999999999957e+01
-1.324000000000000021e+01
-1.327999999999999936e+01
-1.325999999999999979e+01
-1.327999999999999936e+01
-1.338000000000000078e+01
-1.338000000000000078e+01
-1.333999999999999986e+01
-1.335999999999999943e+01
-1.341999999999999993e+01
-1.343999999999999950e+01
-1.334999999999999964e+01
-1.336999999999999922e+01
-1.335999999999999943e+01
-1.335999999999999943e+01
-1.336999999999999922e+01
-1.330000000000000071e+01
-1.330000000000000071e+01
-1.325999999999999979e+01
-1.317999999999999972e+01
-1.316000000000000014e+01
-1.309999999999999964e+01
-1.302999999999999936e+01
-1.297000000000000064e+01
-1.300000000000000000e+01
-1.286999999999999922e+01
-1.286999999999999922e+01
-1.291999999999999993e+01
-1.293999999999999950e+01
-1.283000000000000007e+01
-1.278999999999999915e+01
-1.280000000000000071e+01
-1.281000000000000050e+01
-1.275999999999999979e+01
-1.275999999999999979e+01
-1.268999999999999950e+01
-1.271000000000000085e+01
-1.269999999999999929e+01
-1.266000000000000014e+01
-1.265000000000000036e+01
-1.263000000000000078e+01
-1.258000000000000007e+01
-1.257000000000000028e+01
-1.261999999999999922e+01
-1.256000000000000050e+01
-1.250000000000000000e+01
-1.241999999999999993e+01
-1.236999999999999922e+01
-1.233000000000000007e+01
-1.228999999999999915e+01
-1.216000000000000014e+01
-1.217999999999999972e+01
-1.210999999999999943e+01
-1.210999999999999943e+01
-1.214000000000000057e+01
-1.215000000000000036e+01
-1.213000000000000078e+01
-1.211999999999999922e+01
-1.215000000000000036e+01
-1.209999999999999964e+01
-1.206000000000000050e+01
-1.197000000000000064e+01
-1.192999999999999972e+01
-1.190000000000000036e+01
-1.190000000000000036e+01
-1.192999999999999972e+01
-1.177999999999999936e+01
-1.178999999999999915e+01
-1.181000000000000050e+01
-1.191000000000000014e+01
-1.199000000000000021e+01
-1.208999999999999986e+01
-1.206000000000000050e+01
-1.201999999999999957e+01
-1.200999999999999979e+01
-1.203999999999999915e+01
-1.208999999999999986e+01
-1.205000000000000071e+01
-1.211999999999999922e+01
-1.211999999999999922e+01
-1.201999999999999957e+01
-1.201999999999999957e+01
-1.207000000000000028e+01
-1.202999999999999936e+01
-1.199000000000000021e+01
-1.185999999999999943e+01
-1.181000000000000050e+01
-1.175000000000000000e+01
-1.171000000000000085e+01
-1.165000000000000036e+01
-1.155000000000000071e+01
-1.147000000000000064e+01
-1.148000000000000043e+01
-1.141999999999999993e+01
-1.148000000000000043e+01
-1.146000000000000085e+01
-1.144999999999999929e+01
-1.133000000000000007e+01
-1.133999999999999986e+01
-1.128999999999999915e+01
-1.133999999999999986e+01
-1.130000000000000071e+01
-1.127999999999999936e+01
-1.130000000000000071e+01
-1.131000000000000050e+01
-1.126999999999999957e+01
-1.125999999999999979e+01
-1.133999999999999986e+01
-1.132000000000000028e+01
-1.124000000000000021e+01
-1.114000000000000057e+01
-1.122000000000000064e+01
-1.114000000000000057e+01
-1.108000000000000007e+01
-1.100000000000000000e+01
-1.097000000000000064e+01
-1.108000000000000007e+01
-1.099000000000000021e+01
-1.083999999999999986e+01
-1.081000000000000050e+01
-1.073000000000000043e+01
-1.076999999999999957e+01
-1.076999999999999957e+01
-1.075000000000000000e+01
-1.074000000000000021e+01
-1.081000000000000050e+01
-1.084999999999999964e+01
-1.076999999999999957e+01
-1.066999999999999993e+01
-1.075999999999999979e+01
-1.077999999999999936e+01
-1.078999999999999915e+01
-1.075000000000000000e+01
-1.057000000000000028e+01
-1.041000000000000014e+01
-1.030000000000000071e+01
-1.030000000000000071e+01
-1.025000000000000000e+01
-1.022000000000000064e+01
-1.019999999999999929e+01
-1.016999999999999993e+01
-1.015000000000000036e+01
-1.008000000000000007e+01
-1.005000000000000071e+01
-1.013000000000000078e+01
-1.008000000000000007e+01
-1.009999999999999964e+01
-1.014000000000000057e+01
-1.016000000000000014e+01
-9.960000000000000853e+00
-9.900000000000000355e+00
-9.869999999999999218e+00
-9.929999999999999716e+00
-9.859999999999999432e+00
-9.779999999999999361e+00
-9.699999999999999289e+00
-9.509999999999999787e+00
-9.439999999999999503e+00
-9.330000000000000071e+00
-9.320000000000000284e+00
-9.189999999999999503e+00
-9.150000000000000355e+00
-9.099999999999999645e+00
-9.099999999999999645e+00
-9.099999999999999645e+00
-8.919999999999999929e+00
-9.029999999999999361e+00
-9.070000000000000284e+00
-8.990000000000000213e+00
-8.939999999999999503e+00
-8.890000000000000568e+00
-8.679999999999999716e+00
-8.560000000000000497e+00
-8.490000000000000213e+00
-8.550000000000000711e+00
-8.539999999999999147e+00
-8.449999999999999289e+00
-8.410000000000000142e+00
-8.279999999999999361e+00
-8.250000000000000000e+00
-8.119999999999999218e+00
-7.919999999999999929e+00
-7.870000000000000107e+00
-7.750000000000000000e+00
-7.750000000000000000e+00
-7.709999999999999964e+00
-7.629999999999999893e+00
-7.599999999999999645e+00
-7.429999999999999716e+00
-7.400000000000000355e+00
-7.389999999999999680e+00
-7.410000000000000142e+00
-7.339999999999999858e+00
-7.299999999999999822e+00
-7.280000000000000249e+00
-7.259999999999999787e+00
-7.259999999999999787e+00
-7.299999999999999822e+00
-7.280000000000000249e+00
-7.269999999999999574e+00
-7.209999999999999964e+00
-7.259999999999999787e+00
-7.240000000000000213e+00
-7.209999999999999964e+00
-7.169999999999999929e+00
-7.110000000000000320e+00
-7.059999999999999609e+00
-6.889999999999999680e+00
-6.919999999999999929e+00
-6.900000000000000355e+00
-6.919999999999999929e+00
-6.690000000000000391e+00
-6.660000000000000142e+00
-6.580000000000000071e+00
-6.519999999999999574e+00
-6.349999999999999645e+00
-6.099999999999999645e+00
-6.169999999999999929e+00
-6.190000000000000391e+00
-6.200000000000000178e+00
-6.129999999999999893e+00
-6.080000000000000071e+00
-6.009999999999999787e+00
-5.879999999999999893e+00
-5.910000000000000142e+00
-5.940000000000000391e+00
-5.830000000000000071e+00
-5.669999999999999929e+00
-5.679999999999999716e+00
-5.559999999999999609e+00
-5.330000000000000071e+00
-5.219999999999999751e+00
-5.059999999999999609e+00
-5.139999999999999680e+00
-5.190000000000000391e+00
-5.129999999999999893e+00
-4.919999999999999929e+00
-4.759999999999999787e+00
-4.540000000000000036e+00
-4.370000000000000107e+00
-4.290000000000000036e+00
-4.080000000000000071e+00
-3.990000000000000213e+00
-3.819999999999999840e+00
-3.689999999999999947e+00
-3.529999999999999805e+00
-3.450000000000000178e+00
-3.279999999999999805e+00
-3.009999999999999787e+00
-3.009999999999999787e+00
-2.930000000000000160e+00
-2.729999999999999982e+00
-2.589999999999999858e+00
-2.339999999999999858e+00
-2.089999999999999858e+00
-1.889999999999999902e+00
-1.969999999999999973e+00
-1.820000000000000062e+00
-1.760000000000000009e+00
-1.689999999999999947e+00
-1.699999999999999956e+00
-1.649999999999999911e+00
-1.580000000000000071e+00
-1.530000000000000027e+00
-1.320000000000000062e+00
-1.489999999999999991e+00
-1.290000000000000036e+00
-1.149999999999999911e+00
-1.179999999999999938e+00
-1.050000000000000044e+00
-1.010000000000000009e+00
-1.060000000000000053e+00
-1.129999999999999893e+00
-1.110000000000000098e+00
-9.799999999999999822e-01
-7.800000000000000266e-01
-6.600000000000000311e-01
-5.100000000000000089e-01
-3.699999999999999956e-01
-1.700000000000000122e-01
-1.900000000000000022e-01
-2.600000000000000089e-01
-1.100000000000000006e-01
-8.999999999999999667e-02
2.999999999999999889e-02
2.999999999999999889e-02
1.000000000000000056e-01
1.100000000000000006e-01
1.700000000000000122e-01
3.499999999999999778e-01
4.099999999999999756e-01
5.699999999999999512e-01
6.700000000000000400e-01
7.700000000000000178e-01
9.100000000000000311e-01
1.020000000000000018e+00
1.110000000000000098e+00
1.129999999999999893e+00
1.320000000000000062e+00
1.449999999999999956e+00
1.639999999999999902e+00
1.909999999999999920e+00
1.989999999999999991e+00
2.169999999999999929e+00
2.149999999999999911e+00
2.279999999999999805e+00
2.279999999999999805e+00
2.200000000000000178e+00
2.430000000000000160e+00
2.549999999999999822e+00
2.669999999999999929e+00
2.689999999999999947e+00
2.629999999999999893e+00
2.640000000000000124e+00
2.700000000000000178e+00
2.669999999999999929e+00
2.640000000000000124e+00
2.850000000000000089e+00
2.850000000000000089e+00
2.919999999999999929e+00
3.009999999999999787e+00
3.080000000000000071e+00
3.109999999999999876e+00
3.069999999999999840e+00
3.200000000000000178e+00
3.430000000000000160e+00
3.379999999999999893e+00
3.259999999999999787e+00
3.240000000000000213e+00
3.240000000000000213e+00
3.080000000000000071e+00
3.189999999999999947e+00
3.160000000000000142e+00
3.250000000000000000e+00
3.169999999999999929e+00
3.209999999999999964e+00
3.180000000000000160e+00
3.180000000000000160e+00
3.169999999999999929e+00
3.109999999999999876e+00
3.120000000000000107e+00
3.040000000000000036e+00
3.120000000000000107e+00
3.129999999999999893e+00
3.140000000000000124e+00
3.120000000000000107e+00
3.220000000000000195e+00
3.279999999999999805e+00
3.279999999999999805e+00
3.319999999999999840e+00
3.270000000000000018e+00
3.279999999999999805e+00
3.350000000000000089e+00
3.270000000000000018e+00
3.220000000000000195e+00
3.200000000000000178e+00
3.330000000000000071e+00
3.279999999999999805e+00
3.259999999999999787e+00
3.319999999999999840e+00
3.459999999999999964e+00
3.580000000000000071e+00
3.569999999999999840e+00
3.649999999999999911e+00
3.649999999999999911e+00
3.910000000000000142e+00
3.910000000000000142e+00
3.910000000000000142e+00
3.979999999999999982e+00
4.000000000000000000e+00
4.179999999999999716e+00
4.209999999999999964e+00
4.259999999999999787e+00
4.320000000000000284e+00
4.370000000000000107e+00
4.370000000000000107e+00
4.379999999999999893e+00
4.410000000000000142e+00
4.370000000000000107e+00
4.320000000000000284e+00
4.320000000000000284e+00
4.379999999999999893e+00
4.349999999999999645e+00
4.200000000000000178e+00
4.269999999999999574e+00
4.410000000000000142e+00
4.480000000000000426e+00
4.620000000000000107e+00
4.580000000000000071e+00
4.429999999999999716e+00
4.549999999999999822e+00
4.500000000000000000e+00
4.429999999999999716e+00
4.450000000000000178e+00
4.559999999999999609e+00
4.459999999999999964e+00
4.580000000000000071e+00
4.599999999999999645e+00
4.580000000000000071e+00
4.639999999999999680e+00
4.519999999999999574e+00
4.450000000000000178e+00
4.450000000000000178e+00
4.349999999999999645e+00
4.440000000000000391e+00
4.360000000000000320e+00
4.410000000000000142e+00
4.540000000000000036e+00
4.419999999999999929e+00
4.440000000000000391e+00
4.480000000000000426e+00
4.429999999999999716e+00
4.540000000000000036e+00
4.639999999999999680e+00
4.679999999999999716e+00
4.629999999999999893e+00
4.500000000000000000e+00
4.509999999999999787e+00
4.580000000000000071e+00
4.709999999999999964e+00
4.650000000000000355e+00
4.679999999999999716e+00
4.799999999999999822e+00
4.959999999999999964e+00
5.120000000000000107e+00
5.160000000000000142e+00
5.330000000000000071e+00
5.519999999999999574e+00
5.740000000000000213e+00
5.889999999999999680e+00
5.980000000000000426e+00
6.059999999999999609e+00
6.179999999999999716e+00
6.089999999999999858e+00
6.299999999999999822e+00
6.320000000000000284e+00
6.379999999999999893e+00
6.360000000000000320e+00
6.389999999999999680e+00
6.559999999999999609e+00
6.620000000000000107e+00
6.700000000000000178e+00
6.740000000000000213e+00
6.839999999999999858e+00
6.969999999999999751e+00
6.969999999999999751e+00
6.980000000000000426e+00
7.120000000000000107e+00
7.169999999999999929e+00
7.219999999999999751e+00
7.370000000000000107e+00
7.490000000000000213e+00
7.379999999999999893e+00
7.459999999999999964e+00
7.440000000000000391e+00
7.540000000000000036e+00
7.610000000000000320e+00
7.790000000000000036e+00
7.860000000000000320e+00
7.940000000000000391e+00
7.969999999999999751e+00
8.019999999999999574e+00
8.189999999999999503e+00
8.320000000000000284e+00
8.349999999999999645e+00
8.359999999999999432e+00
8.429999999999999716e+00
8.570000000000000284e+00
8.750000000000000000e+00
8.849999999999999645e+00
8.949999999999999289e+00
9.039999999999999147e+00
9.230000000000000426e+00
9.210000000000000853e+00
9.160000000000000142e+00
9.289999999999999147e+00
9.330000000000000071e+00
9.439999999999999503e+00
9.550000000000000711e+00
9.699999999999999289e+00
9.779999999999999361e+00
9.900000000000000355e+00
1.000999999999999979e+01
1.027999999999999936e+01
1.034999999999999964e+01
1.041000000000000014e+01
1.041999999999999993e+01
1.053999999999999915e+01
1.065000000000000036e+01
1.083000000000000007e+01
1.088000000000000078e+01
1.108999999999999986e+01
1.133999999999999986e+01
1.142999999999999972e+01
1.147000000000000064e+01
1.173000000000000043e+01
1.175000000000000000e+01
1.193999999999999950e+01
1.207000000000000028e+01
1.207000000000000028e+01
1.222000000000000064e+01
1.225999999999999979e+01
1.246000000000000085e+01
1.267999999999999972e+01
1.285999999999999943e+01
1.307000000000000028e+01
1.316000000000000014e+01
1.315000000000000036e+01
1.332000000000000028e+01
1.342999999999999972e+01
1.352999999999999936e+01
1.364000000000000057e+01
1.369999999999999929e+01
1.375000000000000000e+01
1.386999999999999922e+01
1.406000000000000050e+01
1.432000000000000028e+01
1.441000000000000014e+01
1.450000000000000000e+01
1.449000000000000021e+01
1.463000000000000078e+01
1.478999999999999915e+01
1.483999999999999986e+01
1.483000000000000007e+01
1.486999999999999922e+01
1.496000000000000085e+01
1.498000000000000043e+01
1.499000000000000021e+01
1.501999999999999957e+01
1.502999999999999936e+01
1.518999999999999950e+01
1.519999999999999929e+01
1.526999999999999957e+01
1.548000000000000043e+01
1.552999999999999936e+01
1.559999999999999964e+01
1.565000000000000036e+01
1.581000000000000050e+01
1.584999999999999964e+01
1.585999999999999943e+01
1.597000000000000064e+01
1.605000000000000071e+01
1.607999999999999829e+01
1.612000000000000099e+01
1.617999999999999972e+01
1.626000000000000156e+01
1.637999999999999901e+01
1.639000000000000057e+01
1.642999999999999972e+01
1.648000000000000043e+01
1.646000000000000085e+01
1.646000000000000085e+01
1.669999999999999929e+01
1.676000000000000156e+01
1.687999999999999901e+01
1.685000000000000142e+01
1.687000000000000099e+01
1.685000000000000142e+01
1.691000000000000014e+01
1.692999999999999972e+01
1.698999999999999844e+01
1.700000000000000000e+01
1.698000000000000043e+01
1.703000000000000114e+01
1.707000000000000028e+01
1.707000000000000028e+01
1.708999999999999986e+01
1.710999999999999943e+01
1.712999999999999901e+01
1.716000000000000014e+01
1.712999999999999901e+01
1.719999999999999929e+01
1.721000000000000085e+01
1.737000000000000099e+01
1.757999999999999829e+01
1.755999999999999872e+01
1.760999999999999943e+01
1.762000000000000099e+01
1.764999999999999858e+01
1.758999999999999986e+01
1.762999999999999901e+01
1.760999999999999943e+01
1.762000000000000099e+01
1.755999999999999872e+01
1.755000000000000071e+01
1.755999999999999872e+01
1.760000000000000142e+01
1.760999999999999943e+01
1.758999999999999986e+01
1.757999999999999829e+01
1.757000000000000028e+01
1.757999999999999829e+01
1.755999999999999872e+01
1.753999999999999915e+01
1.757000000000000028e+01
1.758999999999999986e+01
1.757999999999999829e+01
1.755999999999999872e+01
1.757000000000000028e+01
1.744000000000000128e+01
1.746000000000000085e+01
1.753999999999999915e+01
1.753999999999999915e+01
1.753999999999999915e+01
1.755000000000000071e+01
1.755999999999999872e+01
1.766000000000000014e+01
1.776000000000000156e+01
1.778000000000000114e+01
1.778000000000000114e+01
1.776000000000000156e+01
1.780999999999999872e+01
1.791000000000000014e+01
1.792000000000000171e+01
1.792999999999999972e+01
1.796999999999999886e+01
1.800000000000000000e+01
1.801000000000000156e+01
1.801000000000000156e+01
1.805000000000000071e+01
1.807999999999999829e+01
1.810000000000000142e+01
1.814000000000000057e+01
1.814999999999999858e+01
1.817999999999999972e+01
1.817000000000000171e+01
1.816000000000000014e+01
1.816000000000000014e+01
1.814999999999999858e+01
1.817999999999999972e+01
1.812000000000000099e+01
1.810999999999999943e+01
1.805999999999999872e+01
1.803999999999999915e+01
1.801999999999999957e+01
1.801999999999999957e+01
1.801999999999999957e+01
1.801000000000000156e+01
1.805999999999999872e+01
1.807000000000000028e+01
1.807999999999999829e+01
1.807999999999999829e+01
1.807000000000000028e+01
1.805999999999999872e+01
1.803999999999999915e+01
1.807000000000000028e+01
1.807999999999999829e+01
1.810000000000000142e+01
1.810999999999999943e+01
1.812999999999999901e+01
1.819000000000000128e+01
1.819000000000000128e+01
1.817999999999999972e+01
1.816000000000000014e+01
1.814999999999999858e+01
1.812000000000000099e+01
1.808999999999999986e+01
1.808999999999999986e+01
1.807000000000000028e+01
1.812000000000000099e+01
1.810000000000000142e+01
1.810999999999999943e+01
1.807000000000000028e+01
1.807999999999999829e+01
1.808999999999999986e+01
1.814000000000000057e+01
1.816000000000000014e+01
1.798999999999999844e+01
1.801000000000000156e+01
1.800000000000000000e+01
1.803999999999999915e+01
1.800000000000000000e+01
1.798000000000000043e+01
1.798000000000000043e+01
1.798000000000000043e+01
1.798000000000000043e+01
1.800000000000000000e+01
1.798000000000000043e+01
1.798000000000000043e+01
1.805000000000000071e+01
1.808999999999999986e+01
1.810999999999999943e+01
1.816000000000000014e+01
1.825000000000000000e+01
1.826000000000000156e+01
1.826000000000000156e+01
1.828000000000000114e+01
1.826999999999999957e+01
1.830000000000000071e+01
1.819000000000000128e+01
1.821999999999999886e+01
1.819999999999999929e+01
1.821000000000000085e+01
1.819999999999999929e+01
1.821000000000000085e+01
1.823000000000000043e+01
1.826999999999999957e+01
1.830999999999999872e+01
1.832999999999999829e+01
1.853999999999999915e+01
1.857999999999999829e+01
1.857999999999999829e+01
1.857999999999999829e+01
1.858999999999999986e+01
1.855000000000000071e+01
1.853000000000000114e+01
1.855000000000000071e+01
1.857000000000000028e+01
1.858999999999999986e+01
1.858999999999999986e+01
1.860999999999999943e+01
1.860999999999999943e+01
1.858999999999999986e+01
1.857999999999999829e+01
1.858999999999999986e+01
1.857999999999999829e+01
1.853000000000000114e+01
1.848999999999999844e+01
1.848999999999999844e+01
1.848999999999999844e+01
1.846000000000000085e+01
1.844999999999999929e+01
1.844999999999999929e+01
1.844000000000000128e+01
1.839999999999999858e+01
1.835000000000000142e+01
1.839000000000000057e+01
1.842000000000000171e+01
1.844000000000000128e+01
1.842999999999999972e+01
1.848999999999999844e+01
1.850000000000000000e+01
1.855000000000000071e+01
1.853999999999999915e+01
1.835999999999999943e+01
1.825000000000000000e+01
1.823000000000000043e+01
1.814999999999999858e+01
1.808999999999999986e+01
1.810999999999999943e+01
1.805999999999999872e+01
1.805999999999999872e+01
1.801999999999999957e+01
1.792999999999999972e+01
1.796999999999999886e+01
1.796000000000000085e+01
1.796999999999999886e+01
1.794000000000000128e+01
1.796000000000000085e+01
1.791000000000000014e+01
1.789000000000000057e+01
1.792000000000000171e+01
1.794000000000000128e+01
1.796000000000000085e+01
1.796999999999999886e+01
1.789999999999999858e+01
1.787000000000000099e+01
1.787000000000000099e+01
1.782999999999999829e+01
1.778999999999999915e+01
1.778999999999999915e+01
1.780000000000000071e+01
1.782999999999999829e+01
1.780000000000000071e+01
1.780000000000000071e+01
1.778000000000000114e+01
1.778999999999999915e+01
1.796999999999999886e+01
1.794999999999999929e+01
1.794000000000000128e+01
1.778999999999999915e+01
1.780999999999999872e+01
1.778999999999999915e+01
1.778999999999999915e+01
1.776999999999999957e+01
1.767999999999999972e+01
1.767999999999999972e+01
1.766000000000000014e+01
1.764999999999999858e+01
1.762000000000000099e+01
1.762000000000000099e+01
1.762000000000000099e+01
1.757999999999999829e+01
1.757000000000000028e+01
1.757999999999999829e+01
1.750000000000000000e+01
1.748999999999999844e+01
1.750000000000000000e+01
1.742999999999999972e+01
1.760000000000000142e+01
1.755999999999999872e+01
1.755999999999999872e+01
1.757000000000000028e+01
1.755000000000000071e+01
1.755000000000000071e+01
1.742000000000000171e+01
1.728999999999999915e+01
1.728000000000000114e+01
1.726999999999999957e+01
1.728000000000000114e+01
1.728000000000000114e+01
1.728999999999999915e+01
1.730999999999999872e+01
1.730999999999999872e+01
1.735000000000000142e+01
1.737000000000000099e+01
1.735999999999999943e+01
1.735000000000000142e+01
1.730000000000000071e+01
1.730000000000000071e+01
1.730999999999999872e+01
1.719000000000000128e+01
1.721000000000000085e+01
1.721000000000000085e+01
1.716000000000000014e+01
1.716000000000000014e+01
1.717999999999999972e+01
1.719000000000000128e+01
1.716000000000000014e+01
1.716000000000000014e+01
1.717000000000000171e+01
1.717000000000000171e+01
1.717000000000000171e+01
1.714000000000000057e+01
1.714000000000000057e+01
1.717000000000000171e+01
1.714999999999999858e+01
1.712999999999999901e+01
1.698999999999999844e+01
1.700000000000000000e+01
1.696000000000000085e+01
1.694000000000000128e+01
1.691000000000000014e+01
1.692999999999999972e+01
1.714000000000000057e+01
1.723999999999999844e+01
1.726000000000000156e+01
1.733999999999999986e+01
1.739999999999999858e+01
1.737999999999999901e+01
1.726000000000000156e+01
1.723999999999999844e+01
1.728999999999999915e+01
1.737999999999999901e+01
1.733999999999999986e+01
1.737000000000000099e+01
1.737000000000000099e+01
1.739000000000000057e+01
1.732999999999999829e+01
1.737000000000000099e+01
1.739000000000000057e+01
1.726000000000000156e+01
1.726999999999999957e+01
1.726000000000000156e+01
1.719999999999999929e+01
1.728999999999999915e+01
1.733999999999999986e+01
1.735999999999999943e+01
1.737000000000000099e+01
1.741000000000000014e+01
1.735999999999999943e+01
1.733999999999999986e+01
1.735000000000000142e+01
1.735999999999999943e+01
1.735000000000000142e+01
1.737999999999999901e+01
1.737000000000000099e+01
1.732000000000000028e+01
1.725000000000000000e+01
1.717999999999999972e+01
1.730999999999999872e+01
1.730000000000000071e+01
1.732999999999999829e+01
1.730999999999999872e+01
1.730000000000000071e+01
1.728000000000000114e+01
1.726000000000000156e+01
1.725000000000000000e+01
1.726999999999999957e+01
1.726999999999999957e+01
1.728000000000000114e+01
1.730000000000000071e+01
1.735000000000000142e+01
1.735000000000000142e+01
1.728999999999999915e+01
1.735999999999999943e+01
1.737000000000000099e+01
1.733999999999999986e+01
1.741000000000000014e+01
1.730000000000000071e+01
1.732999999999999829e+01
1.732999999999999829e+01
1.732000000000000028e+01
1.737000000000000099e+01
1.737000000000000099e+01
1.748999999999999844e+01
1.760000000000000142e+01
1.760000000000000142e+01
1.760999999999999943e+01
1.758999999999999986e+01
1.755000000000000071e+01
1.755000000000000071e+01
1.744000000000000128e+01
1.744999999999999929e+01
1.748000000000000043e+01
1.742999999999999972e+01
1.742000000000000171e+01
1.732999999999999829e+01
1.726000000000000156e+01
1.728000000000000114e+01
1.728000000000000114e+01
1.737999999999999901e+01
1.737000000000000099e+01
1.735000000000000142e+01
1.735999999999999943e+01
1.735000000000000142e+01
1.737000000000000099e+01
1.739000000000000057e+01
1.741000000000000014e+01
1.739000000000000057e+01
1.732000000000000028e+01
1.726999999999999957e+01
1.726000000000000156e+01
1.732000000000000028e+01
1.730000000000000071e+01
1.710999999999999943e+01
1.714000000000000057e+01
1.712000000000000099e+01
1.707000000000000028e+01
1.691000000000000014e+01
1.694999999999999929e+01
1.694999999999999929e+01
1.698000000000000043e+01
1.696999999999999886e+01
1.698000000000000043e+01
1.700000000000000000e+01
1.698999999999999844e+01
1.698999999999999844e+01
1.696000000000000085e+01
1.698000000000000043e+01
1.714000000000000057e+01
1.707000000000000028e+01
1.707000000000000028e+01
1.707999999999999829e+01
1.710999999999999943e+01
1.710999999999999943e+01
1.708999999999999986e+01
1.708999999999999986e+01
1.705000000000000071e+01
1.707000000000000028e+01
1.707999999999999829e+01
1.717000000000000171e+01
1.712999999999999901e+01
1.714000000000000057e+01
1.721000000000000085e+01
1.716000000000000014e+01
1.717000000000000171e+01
1.717000000000000171e+01
1.721999999999999886e+01
1.723000000000000043e+01
1.730000000000000071e+01
1.732999999999999829e+01
1.732000000000000028e+01
1.732999999999999829e+01
1.732000000000000028e+01
1.732999999999999829e+01
1.733999999999999986e+01
1.739999999999999858e+01
1.744999999999999929e+01
1.755000000000000071e+01
1.755999999999999872e+01
1.757999999999999829e+01
1.760000000000000142e+01
1.757999999999999829e+01
1.753000000000000114e+01
1.762000000000000099e+01
1.760999999999999943e+01
1.751999999999999957e+01
1.748999999999999844e+01
1.751000000000000156e+01
1.744000000000000128e+01
1.744000000000000128e+01
1.739999999999999858e+01
1.739999999999999858e+01
1.742999999999999972e+01
1.744000000000000128e+01
1.742999999999999972e+01
1.746000000000000085e+01
1.739999999999999858e+01
1.748999999999999844e+01
1.748999999999999844e+01
1.742000000000000171e+01
1.739999999999999858e+01
1.741000000000000014e+01
1.732000000000000028e+01
1.730999999999999872e+01
1.732000000000000028e+01
1.732999999999999829e+01
1.732000000000000028e+01
1.725000000000000000e+01
1.723000000000000043e+01
1.723999999999999844e+01
1.733999999999999986e+01
1.732999999999999829e+01
1.721000000000000085e+01
1.725000000000000000e+01
1.728000000000000114e+01
1.726000000000000156e+01
1.735999999999999943e+01
1.733999999999999986e+01
1.733999999999999986e+01
1.730000000000000071e+01
1.728999999999999915e+01
1.721000000000000085e+01
1.725000000000000000e+01
1.723000000000000043e+01
1.723000000000000043e+01
1.721999999999999886e+01
1.723999999999999844e+01
1.726000000000000156e+01
1.732000000000000028e+01
1.737000000000000099e+01
1.737999999999999901e+01
1.737000000000000099e+01
1.742000000000000171e+01
1.760999999999999943e+01
1.760999999999999943e+01
1.762999999999999901e+01
1.778999999999999915e+01
1.796000000000000085e+01
1.794000000000000128e+01
1.794999999999999929e+01
1.794000000000000128e+01
1.796999999999999886e+01
1.791000000000000014e+01
1.780999999999999872e+01
1.782000000000000028e+01
1.780999999999999872e+01
1.780999999999999872e+01
1.780999999999999872e+01
1.780999999999999872e+01
1.785000000000000142e+01
1.783999999999999986e+01
1.773000000000000043e+01
1.769999999999999929e+01
1.769000000000000128e+01
1.767999999999999972e+01
1.767000000000000171e+01
1.776000000000000156e+01
1.771999999999999886e+01
1.769999999999999929e+01
1.771999999999999886e+01
1.773000000000000043e+01
1.775000000000000000e+01
1.767999999999999972e+01
1.776999999999999957e+01
1.776000000000000156e+01
1.773999999999999844e+01
1.771000000000000085e+01
1.766000000000000014e+01
1.755000000000000071e+01
1.753000000000000114e+01
1.753999999999999915e+01
1.751000000000000156e+01
1.751000000000000156e+01
1.751000000000000156e+01
1.748999999999999844e+01
1.746000000000000085e+01
1.751000000000000156e+01
1.748999999999999844e+01
1.746999999999999886e+01
1.742999999999999972e+01
1.742999999999999972e+01
1.746999999999999886e+01
1.751999999999999957e+01
1.753000000000000114e+01
1.755000000000000071e+01
1.767000000000000171e+01
1.758999999999999986e+01
1.750000000000000000e+01
1.755999999999999872e+01
1.755999999999999872e+01
1.760000000000000142e+01
1.755999999999999872e+01
1.760000000000000142e+01
1.762000000000000099e+01
1.762999999999999901e+01
1.762000000000000099e+01
1.764999999999999858e+01
1.767000000000000171e+01
1.769000000000000128e+01
1.769999999999999929e+01
1.760999999999999943e+01
1.760999999999999943e+01
1.767999999999999972e+01
1.767000000000000171e+01
1.758999999999999986e+01
1.755000000000000071e+01
1.751000000000000156e+01
1.751999999999999957e+01
1.755000000000000071e+01
1.755000000000000071e+01
1.744999999999999929e+01
1.739000000000000057e+01
1.748000000000000043e+01
1.746000000000000085e+01
1.742000000000000171e+01
1.751000000000000156e+01
1.746999999999999886e+01
1.746999999999999886e+01
1.739999999999999858e+01
1.742000000000000171e+01
1.732999999999999829e+01
1.742000000000000171e+01
1.737999999999999901e+01
1.744000000000000128e+01
1.744000000000000128e+01
1.742999999999999972e+01
1.742999999999999972e+01
1.733999999999999986e+01
1.730999999999999872e+01
1.728999999999999915e+01
1.728999999999999915e+01
1.728999999999999915e+01
1.726999999999999957e+01
1.728999999999999915e+01
1.723000000000000043e+01
1.723999999999999844e+01
1.726000000000000156e+01
1.708999999999999986e+01
1.710000000000000142e+01
1.708999999999999986e+01
1.703999999999999915e+01
1.701000000000000156e+01
1.703999999999999915e+01
1.710000000000000142e+01
1.701999999999999957e+01
1.703999999999999915e+01
1.705000000000000071e+01
1.703999999999999915e+01
1.701999999999999957e+01
1.707999999999999829e+01
1.707999999999999829e+01
1.719000000000000128e+01
1.717000000000000171e+01
1.717999999999999972e+01
1.719999999999999929e+01
1.721999999999999886e+01
1.723000000000000043e+01
1.721000000000000085e+01
1.719999999999999929e+01
1.714999999999999858e+01
1.716000000000000014e+01
1.714000000000000057e+01
1.717000000000000171e+01
1.708999999999999986e+01
1.710000000000000142e+01
1.710000000000000142e+01
1.710999999999999943e+01
1.712000000000000099e+01
1.717000000000000171e+01
1.716000000000000014e+01
1.716000000000000014e+01
1.716000000000000014e+01
1.719999999999999929e+01
1.719000000000000128e+01
1.721999999999999886e+01
1.723000000000000043e+01
1.719999999999999929e+01
1.721999999999999886e+01
1.723999999999999844e+01
1.721999999999999886e+01
1.721999999999999886e+01
1.717000000000000171e+01
1.719000000000000128e+01
1.721999999999999886e+01
1.717999999999999972e+01
1.714999999999999858e+01
1.726000000000000156e+01
1.733999999999999986e+01
1.733999999999999986e+01
1.721000000000000085e+01
1.707999999999999829e+01
1.707999999999999829e+01
1.707000000000000028e+01
1.705000000000000071e+01
1.703999999999999915e+01
1.680999999999999872e+01
1.682000000000000028e+01
1.682000000000000028e+01
1.680999999999999872e+01
1.687000000000000099e+01
1.700000000000000000e+01
1.696000000000000085e+01
1.696999999999999886e+01
1.700000000000000000e+01
1.707000000000000028e+01
1.707999999999999829e+01
1.701999999999999957e+01
1.710000000000000142e+01
1.714000000000000057e+01
1.708999999999999986e+01
1.716000000000000014e+01
1.721999999999999886e+01
1.723000000000000043e+01
1.714999999999999858e+01
1.696999999999999886e+01
1.678000000000000114e+01
1.676999999999999957e+01
1.669000000000000128e+01
1.675000000000000000e+01
1.666000000000000014e+01
1.676999999999999957e+01
1.678000000000000114e+01
1.639999999999999858e+01
1.625000000000000000e+01
1.621000000000000085e+01
1.617999999999999972e+01
1.614999999999999858e+01
1.621000000000000085e+01
1.626000000000000156e+01
1.626999999999999957e+01
1.628000000000000114e+01
1.621999999999999886e+01
1.623000000000000043e+01
1.625000000000000000e+01
1.628999999999999915e+01
1.626000000000000156e+01
1.605000000000000071e+01
1.614999999999999858e+01
1.617000000000000171e+01
1.617999999999999972e+01
1.623000000000000043e+01
1.626000000000000156e+01
1.625000000000000000e+01
1.586999999999999922e+01
1.596000000000000085e+01
1.592999999999999972e+01
1.588000000000000078e+01
1.585999999999999943e+01
1.588000000000000078e+01
1.583000000000000007e+01
1.583999999999999986e+01
1.581000000000000050e+01
1.585999999999999943e+01
1.585999999999999943e+01
1.585999999999999943e+01
1.584999999999999964e+01
1.581000000000000050e+01
1.586999999999999922e+01
1.567999999999999972e+01
1.575999999999999979e+01
1.571000000000000085e+01
1.571000000000000085e+01
1.575999999999999979e+01
1.583999999999999986e+01
1.574000000000000021e+01
1.575999999999999979e+01
1.575000000000000000e+01
1.575999999999999979e+01
1.577999999999999936e+01
1.575999999999999979e+01
1.576999999999999957e+01
1.575999999999999979e+01
1.563000000000000078e+01
1.558000000000000007e+01
1.556000000000000050e+01
1.558000000000000007e+01
1.556000000000000050e+01
1.550999999999999979e+01
1.547000000000000064e+01
1.553999999999999915e+01
1.544999999999999929e+01
1.550000000000000000e+01
1.548000000000000043e+01
1.539000000000000057e+01
1.531000000000000050e+01
1.534999999999999964e+01
1.532000000000000028e+01
1.526999999999999957e+01
1.525000000000000000e+01
1.535999999999999943e+01
1.549000000000000021e+01
1.553999999999999915e+01
1.552999999999999936e+01
1.550999999999999979e+01
1.532000000000000028e+01
1.555000000000000071e+01
1.550000000000000000e+01
1.539000000000000057e+01
1.536999999999999922e+01
1.536999999999999922e+01
1.533000000000000007e+01
1.523000000000000043e+01
1.523000000000000043e+01
1.521000000000000085e+01
1.517999999999999972e+01
1.518999999999999950e+01
1.525999999999999979e+01
1.525999999999999979e+01
1.523000000000000043e+01
1.525000000000000000e+01
1.525999999999999979e+01
1.525000000000000000e+01
1.525999999999999979e+01
1.533000000000000007e+01
1.552999999999999936e+01
1.569999999999999929e+01
1.575999999999999979e+01
1.583000000000000007e+01
1.583999999999999986e+01
1.596000000000000085e+01
1.594999999999999929e+01
1.591000000000000014e+01
1.630999999999999872e+01
1.646000000000000085e+01
1.651999999999999957e+01
1.657000000000000028e+01
1.651999999999999957e+01
1.651000000000000156e+01
1.648000000000000043e+01
1.644999999999999929e+01
1.644000000000000128e+01
1.651000000000000156e+01
1.650000000000000000e+01
1.644999999999999929e+01
1.642999999999999972e+01
1.646999999999999886e+01
1.666000000000000014e+01
1.671000000000000085e+01
1.669999999999999929e+01
1.667999999999999972e+01
1.664999999999999858e+01
1.660000000000000142e+01
1.664000000000000057e+01
1.705000000000000071e+01
1.705000000000000071e+01
1.705999999999999872e+01
1.710000000000000142e+01
1.707999999999999829e+01
1.707000000000000028e+01
1.712000000000000099e+01
1.710999999999999943e+01
1.712000000000000099e+01
1.710000000000000142e+01
1.707999999999999829e+01
1.703000000000000114e+01
1.696000000000000085e+01
1.700000000000000000e+01
1.701000000000000156e+01
1.721999999999999886e+01
1.714999999999999858e+01
1.717999999999999972e+01
1.719000000000000128e+01
1.714999999999999858e+01
1.712999999999999901e+01
1.721000000000000085e+01
1.719999999999999929e+01
1.721999999999999886e+01
1.721999999999999886e+01
1.723000000000000043e+01
1.728999999999999915e+01
1.719999999999999929e+01
1.723999999999999844e+01
1.735999999999999943e+01
1.739000000000000057e+01
1.742000000000000171e+01
1.741000000000000014e+01
1.746000000000000085e+01
1.744000000000000128e+01
1.744999999999999929e+01
1.742999999999999972e+01
1.751000000000000156e+01
1.750000000000000000e+01
1.750000000000000000e+01
1.757000000000000028e+01
1.767000000000000171e+01
1.769000000000000128e+01
1.769000000000000128e+01
1.766000000000000014e+01
1.767999999999999972e+01
1.769000000000000128e+01
1.766000000000000014e+01
1.762000000000000099e+01
1.762000000000000099e+01
1.766000000000000014e+01
1.785999999999999943e+01
1.787000000000000099e+01
1.794999999999999929e+01
1.801999999999999957e+01
1.803999999999999915e+01
1.792999999999999972e+01
1.796999999999999886e+01
1.810000000000000142e+01
1.810999999999999943e+01
1.808999999999999986e+01
1.805000000000000071e+01
1.803999999999999915e+01
1.805000000000000071e+01
1.798000000000000043e+01
1.787999999999999901e+01
1.787000000000000099e+01
1.789000000000000057e+01
1.789000000000000057e+01
1.787000000000000099e+01
1.775000000000000000e+01
1.776000000000000156e+01
1.776000000000000156e+01
1.776000000000000156e+01
1.778000000000000114e+01
1.776000000000000156e+01
1.775000000000000000e+01
1.773000000000000043e+01
1.778000000000000114e+01
1.767000000000000171e+01
1.766000000000000014e+01
1.764999999999999858e+01
1.762999999999999901e+01
1.748999999999999844e+01
1.750000000000000000e+01
1.732000000000000028e+01
1.726000000000000156e+01
1.723999999999999844e+01
1.703000000000000114e+01
1.703999999999999915e+01
1.708999999999999986e+01
1.712999999999999901e+01
1.707000000000000028e+01
1.707000000000000028e+01
1.707000000000000028e+01
1.707000000000000028e+01
1.707999999999999829e+01
1.707999999999999829e+01
1.712000000000000099e+01
1.710999999999999943e+01
1.710999999999999943e+01
1.707000000000000028e+01
1.701999999999999957e+01
1.703000000000000114e+01
1.705999999999999872e+01
1.705999999999999872e+01
1.703000000000000114e+01
1.698999999999999844e+01
1.698999999999999844e+01
1.698999999999999844e+01
1.698999999999999844e+01
1.701999999999999957e+01
1.705999999999999872e+01
1.703999999999999915e+01
1.698000000000000043e+01
1.698000000000000043e+01
1.703999999999999915e+01
1.707999999999999829e+01
1.707000000000000028e+01
1.708999999999999986e+01
1.710999999999999943e+01
1.708999999999999986e+01
1.710000000000000142e+01
1.710000000000000142e+01
1.710999999999999943e+01
1.712000000000000099e+01
1.707000000000000028e+01
1.710000000000000142e+01
1.710000000000000142e+01
1.708999999999999986e+01
1.705000000000000071e+01
1.701000000000000156e+01
1.694999999999999929e+01
1.694000000000000128e+01
1.700000000000000000e+01
1.701999999999999957e+01
1.703000000000000114e+01
1.701999999999999957e+01
1.701000000000000156e+01
1.698999999999999844e+01
1.700000000000000000e+01
1.701000000000000156e+01
1.691000000000000014e+01
1.671999999999999886e+01
1.678000000000000114e+01
1.678999999999999915e+01
1.678999999999999915e+01
1.682000000000000028e+01
1.682000000000000028e+01
1.682999999999999829e+01
1.680000000000000071e+01
1.680000000000000071e+01
1.678000000000000114e+01
1.678000000000000114e+01
1.678000000000000114e+01
1.676000000000000156e+01
1.687000000000000099e+01
1.682999999999999829e+01
1.680999999999999872e+01
1.680000000000000071e+01
1.678000000000000114e+01
1.687000000000000099e+01
1.689000000000000057e+01
1.689000000000000057e+01
1.694999999999999929e+01
1.701000000000000156e+01
1.700000000000000000e+01
1.698999999999999844e+01
1.696999999999999886e+01
1.698000000000000043e+01
1.708999999999999986e+01
1.710000000000000142e+01
1.710999999999999943e+01
1.705999999999999872e+01
1.707000000000000028e+01
1.698000000000000043e+01
1.698000000000000043e+01
1.698000000000000043e+01
1.692000000000000171e+01
1.701999999999999957e+01
1.701999999999999957e+01
1.703000000000000114e+01
1.705000000000000071e+01
1.726000000000000156e+01
1.723999999999999844e+01
1.739000000000000057e+01
1.748000000000000043e+01
1.748999999999999844e+01
1.771000000000000085e+01
1.769999999999999929e+01
1.769000000000000128e+01
1.760999999999999943e+01
1.764999999999999858e+01
1.764000000000000057e+01
1.762999999999999901e+01
1.762999999999999901e+01
1.755000000000000071e+01
1.757999999999999829e+01
1.755999999999999872e+01
1.755999999999999872e+01
1.755000000000000071e+01
1.758999999999999986e+01
1.762000000000000099e+01
1.760999999999999943e+01
1.762999999999999901e+01
1.757000000000000028e+01
1.755000000000000071e+01
1.750000000000000000e+01
1.751000000000000156e+01
1.751000000000000156e+01
1.753000000000000114e+01
1.755999999999999872e+01
1.757999999999999829e+01
1.760000000000000142e+01
1.755999999999999872e+01
1.748999999999999844e+01
1.750000000000000000e+01
1.746000000000000085e+01
1.741000000000000014e+01
1.742000000000000171e+01
1.741000000000000014e+01
1.744999999999999929e+01
1.735999999999999943e+01
1.735999999999999943e+01
1.719000000000000128e+01
1.714000000000000057e+01
1.719000000000000128e+01
1.719999999999999929e+01
1.717000000000000171e+01
1.717999999999999972e+01
1.723999999999999844e+01
1.725000000000000000e+01
1.730000000000000071e+01
1.726999999999999957e+01
1.719999999999999929e+01
1.721000000000000085e+01
1.721999999999999886e+01
1.723000000000000043e+01
1.726999999999999957e+01
1.730999999999999872e+01
1.730999999999999872e+01
1.730999999999999872e+01
1.737999999999999901e+01
1.753000000000000114e+01
1.753999999999999915e+01
1.741000000000000014e+01
1.728999999999999915e+01
1.719999999999999929e+01
1.719000000000000128e+01
1.719000000000000128e+01
1.721000000000000085e+01
1.723000000000000043e+01
1.725000000000000000e+01
1.723000000000000043e+01
1.723000000000000043e+01
1.721000000000000085e+01
1.721999999999999886e+01
1.726000000000000156e+01
1.726000000000000156e+01
1.726000000000000156e+01
1.730999999999999872e+01
1.730999999999999872e+01
1.732999999999999829e+01
1.725000000000000000e+01
1.723999999999999844e+01
1.723000000000000043e+01
1.726999999999999957e+01
1.728000000000000114e+01
1.721000000000000085e+01
1.721000000000000085e+01
1.726000000000000156e+01
1.725000000000000000e+01
1.721999999999999886e+01
1.728999999999999915e+01
1.721999999999999886e+01
1.728999999999999915e+01
1.723999999999999844e+01
1.725000000000000000e+01
1.732000000000000028e+01
1.732000000000000028e+01
1.732000000000000028e+01
1.725000000000000000e+01
1.721000000000000085e+01
1.719000000000000128e+01
1.721000000000000085e+01
1.728000000000000114e+01
1.726999999999999957e+01
1.725000000000000000e+01
1.716000000000000014e+01
1.717000000000000171e+01
1.717999999999999972e+01
1.721999999999999886e+01
1.725000000000000000e+01
1.725000000000000000e+01
1.728000000000000114e+01
1.728999999999999915e+01
1.732999999999999829e+01
1.730000000000000071e+01
1.728999999999999915e+01
1.730000000000000071e+01
1.728000000000000114e+01
1.726999999999999957e+01
1.732000000000000028e+01
1.733999999999999986e+01
1.732999999999999829e+01
1.739000000000000057e+01
1.742000000000000171e+01
1.748999999999999844e+01
1.746000000000000085e+01
1.742999999999999972e+01
1.739999999999999858e+01
1.735999999999999943e+01
1.735999999999999943e+01
1.733999999999999986e+01
1.739000000000000057e+01
1.741000000000000014e+01
1.735000000000000142e+01
1.735999999999999943e+01
1.735999999999999943e+01
1.728000000000000114e+01
1.726000000000000156e+01
1.723999999999999844e+01
1.732000000000000028e+01
1.730999999999999872e+01
1.746999999999999886e+01
1.751999999999999957e+01
1.751000000000000156e+01
1.757000000000000028e+01
1.755999999999999872e+01
1.755999999999999872e+01
1.753999999999999915e+01
1.755999999999999872e+01
1.755000000000000071e+01
1.758999999999999986e+01
1.766000000000000014e+01
1.766000000000000014e+01
1.764000000000000057e+01
1.764000000000000057e+01
1.762000000000000099e+01
1.758999999999999986e+01
1.750000000000000000e+01
1.751999999999999957e+01
1.751999999999999957e+01
1.755000000000000071e+01
1.757000000000000028e+01
1.767999999999999972e+01
1.778000000000000114e+01
1.782999999999999829e+01
1.778000000000000114e+01
1.778999999999999915e+01
1.778999999999999915e+01
1.776000000000000156e+01
1.776000000000000156e+01
1.776999999999999957e+01
1.778000000000000114e+01
1.782000000000000028e+01
1.782999999999999829e+01
1.782999999999999829e+01
1.785999999999999943e+01
1.785000000000000142e+01
1.778999999999999915e+01
1.773999999999999844e+01
1.773999999999999844e+01
1.742999999999999972e+01
1.742000000000000171e+01
1.707999999999999829e+01
1.707000000000000028e+01
1.685999999999999943e+01
1.676999999999999957e+01
1.676999999999999957e+01
1.673999999999999844e+01
1.673999999999999844e+01
1.673999999999999844e+01
1.669999999999999929e+01
1.676000000000000156e+01
1.678999999999999915e+01
1.685999999999999943e+01
1.687999999999999901e+01
1.685999999999999943e+01
1.678000000000000114e+01
1.676999999999999957e+01
1.683999999999999986e+01
1.685000000000000142e+01
1.687999999999999901e+01
1.689999999999999858e+01
1.685000000000000142e+01
1.687000000000000099e+01
1.676000000000000156e+01
1.678999999999999915e+01
1.680999999999999872e+01
1.680999999999999872e+01
1.685000000000000142e+01
1.682000000000000028e+01
1.682999999999999829e+01
1.671999999999999886e+01
1.671999999999999886e+01
1.676000000000000156e+01
1.678000000000000114e+01
1.680000000000000071e+01
1.673999999999999844e+01
1.678000000000000114e+01
1.680000000000000071e+01
1.680000000000000071e+01
1.680999999999999872e+01
1.682000000000000028e+01
1.683999999999999986e+01
1.685000000000000142e+01
1.687000000000000099e+01
1.687000000000000099e+01
1.687999999999999901e+01
1.691000000000000014e+01
1.694000000000000128e+01
1.694999999999999929e+01
1.696000000000000085e+01
1.692000000000000171e+01
1.692000000000000171e+01
1.696000000000000085e+01
1.698999999999999844e+01
1.705999999999999872e+01
1.710999999999999943e+01
1.712000000000000099e+01
1.714000000000000057e+01
1.712000000000000099e+01
1.712000000000000099e+01
1.712000000000000099e+01
1.712000000000000099e+01
1.705999999999999872e+01
1.705000000000000071e+01
1.708999999999999986e+01
1.692000000000000171e+01
1.694999999999999929e+01
1.694000000000000128e+01
1.692000000000000171e+01
1.689999999999999858e+01
1.683999999999999986e+01
1.669000000000000128e+01
1.669999999999999929e+01
1.667000000000000171e+01
1.667999999999999972e+01
1.671000000000000085e+01
1.678999999999999915e+01
1.678000000000000114e+01
1.675000000000000000e+01
1.676999999999999957e+01
1.673999999999999844e+01
1.675000000000000000e+01
1.673000000000000043e+01
1.673000000000000043e+01
1.680000000000000071e+01
1.676999999999999957e+01
1.675000000000000000e+01
1.669999999999999929e+01
1.664999999999999858e+01
1.662000000000000099e+01
1.653999999999999915e+01
1.651000000000000156e+01
1.646999999999999886e+01
1.644999999999999929e+01
1.644000000000000128e+01
1.644000000000000128e+01
1.644999999999999929e+01
1.650000000000000000e+01
1.646000000000000085e+01
1.678999999999999915e+01
1.678999999999999915e+01
1.719000000000000128e+01
1.717999999999999972e+01
1.732000000000000028e+01
1.750000000000000000e+01
1.750000000000000000e+01
1.751999999999999957e+01
1.750000000000000000e+01
1.746000000000000085e+01
1.742999999999999972e+01
1.739999999999999858e+01
1.739999999999999858e+01
1.733999999999999986e+01
1.721000000000000085e+01
1.719999999999999929e+01
1.730000000000000071e+01
1.721999999999999886e+01
1.723000000000000043e+01
1.726999999999999957e+01
1.725000000000000000e+01
1.717000000000000171e+01
1.719999999999999929e+01
1.716000000000000014e+01
1.728000000000000114e+01
1.732999999999999829e+01
1.721000000000000085e+01
1.703999999999999915e+01
1.675000000000000000e+01
1.667999999999999972e+01
1.660000000000000142e+01
1.669000000000000128e+01
1.667999999999999972e+01
1.671999999999999886e+01
1.671999999999999886e+01
1.671999999999999886e+01
1.669999999999999929e+01
1.669000000000000128e+01
1.667999999999999972e+01
1.669000000000000128e+01
1.667000000000000171e+01
1.662000000000000099e+01
1.662000000000000099e+01
1.657000000000000028e+01
1.657000000000000028e+01
1.653999999999999915e+01
1.658999999999999986e+01
1.658999999999999986e+01
1.658999999999999986e+01
1.655000000000000071e+01
1.646000000000000085e+01
1.646999999999999886e+01
1.648000000000000043e+01
1.648999999999999844e+01
1.635999999999999943e+01
1.630000000000000071e+01
1.632000000000000028e+01
1.628000000000000114e+01
1.626999999999999957e+01
1.628999999999999915e+01
1.617000000000000171e+01
1.616000000000000014e+01
1.617000000000000171e+01
1.621999999999999886e+01
1.621000000000000085e+01
1.621999999999999886e+01
1.635999999999999943e+01
1.626999999999999957e+01
1.619000000000000128e+01
1.623000000000000043e+01
1.623000000000000043e+01
1.626999999999999957e+01
1.641000000000000014e+01
1.637999999999999901e+01
1.632999999999999829e+01
1.628999999999999915e+01
1.630999999999999872e+01
1.630000000000000071e+01
1.623000000000000043e+01
1.623000000000000043e+01
1.614999999999999858e+01
1.612000000000000099e+01
1.607999999999999829e+01
1.612999999999999901e+01
1.616000000000000014e+01
1.619000000000000128e+01
1.617000000000000171e+01
1.617999999999999972e+01
1.625000000000000000e+01
1.630000000000000071e+01
1.630999999999999872e+01
1.639000000000000057e+01
1.642000000000000171e+01
1.644999999999999929e+01
1.637000000000000099e+01
1.637000000000000099e+01
1.635999999999999943e+01
1.637999999999999901e+01
1.632999999999999829e+01
1.635000000000000142e+01
1.635999999999999943e+01
1.639000000000000057e+01
1.635000000000000142e+01
1.637000000000000099e+01
1.642000000000000171e+01
1.637999999999999901e+01
1.637999999999999901e+01
1.637000000000000099e+01
1.637999999999999901e+01
1.644999999999999929e+01
1.648000000000000043e+01
1.648999999999999844e+01
1.650000000000000000e+01
1.651999999999999957e+01
1.664999999999999858e+01
1.667000000000000171e+01
1.662999999999999901e+01
1.669999999999999929e+01
1.669999999999999929e+01
1.655000000000000071e+01
1.651999999999999957e+01
1.660999999999999943e+01
1.660000000000000142e+01
1.664999999999999858e+01
1.667999999999999972e+01
1.667000000000000171e+01
1.671999999999999886e+01
1.687000000000000099e+01
1.717000000000000171e+01
1.726000000000000156e+01
1.733999999999999986e+01
1.733999999999999986e+01
1.735000000000000142e+01
1.730999999999999872e+01
1.732000000000000028e+01
1.732999999999999829e+01
1.741000000000000014e+01
1.739999999999999858e+01
1.739000000000000057e+01
1.735000000000000142e+01
1.735999999999999943e+01
1.739999999999999858e+01
1.735000000000000142e+01
1.741000000000000014e+01
1.739999999999999858e+01
1.742000000000000171e+01
1.742999999999999972e+01
1.739999999999999858e+01
1.735000000000000142e+01
1.739999999999999858e+01
1.746000000000000085e+01
1.753000000000000114e+01
1.757000000000000028e+01
1.755000000000000071e+01
1.764999999999999858e+01
1.769000000000000128e+01
1.769999999999999929e+01
1.776000000000000156e+01
1.776999999999999957e+01
1.776999999999999957e+01
1.787999999999999901e+01
1.789999999999999858e+01
1.782999999999999829e+01
1.783999999999999986e+01
1.787000000000000099e+01
1.780999999999999872e+01
1.780999999999999872e+01
1.778999999999999915e+01
1.787000000000000099e+01
1.787000000000000099e+01
1.785999999999999943e+01
1.785000000000000142e+01
1.787000000000000099e+01
1.785999999999999943e+01
1.796000000000000085e+01
1.798999999999999844e+01
1.787000000000000099e+01
1.785000000000000142e+01
1.789000000000000057e+01
1.791000000000000014e+01
1.800000000000000000e+01
1.803000000000000114e+01
1.805999999999999872e+01
1.805000000000000071e+01
1.801999999999999957e+01
1.801999999999999957e+01
1.803999999999999915e+01
1.803999999999999915e+01
1.803999999999999915e+01
1.805000000000000071e+01
1.807000000000000028e+01
1.808999999999999986e+01
1.808999999999999986e+01
1.807000000000000028e+01
1.812999999999999901e+01
1.792999999999999972e+01
1.796999999999999886e+01
1.801000000000000156e+01
1.803000000000000114e+01
1.801000000000000156e+01
1.807999999999999829e+01
1.807000000000000028e+01
1.808999999999999986e+01
1.805999999999999872e+01
1.801999999999999957e+01
1.805000000000000071e+01
1.803000000000000114e+01
1.801999999999999957e+01
1.798999999999999844e+01
1.801999999999999957e+01
1.805000000000000071e+01
1.803999999999999915e+01
1.803999999999999915e+01
1.801999999999999957e+01
1.801999999999999957e+01
1.796999999999999886e+01
1.796999999999999886e+01
1.796000000000000085e+01
1.792000000000000171e+01
1.805999999999999872e+01
1.807999999999999829e+01
1.805999999999999872e+01
1.808999999999999986e+01
1.807000000000000028e+01
1.805999999999999872e+01
1.805999999999999872e+01
1.812999999999999901e+01
1.814000000000000057e+01
1.792000000000000171e+01
1.791000000000000014e+01
1.785999999999999943e+01
1.775000000000000000e+01
1.773000000000000043e+01
1.773999999999999844e+01
1.773000000000000043e+01
1.764999999999999858e+01
1.760999999999999943e+01
1.755000000000000071e+01
1.757999999999999829e+01
1.757000000000000028e+01
1.757000000000000028e+01
1.750000000000000000e+01
1.753999999999999915e+01
1.753999999999999915e+01
1.755999999999999872e+01
1.757999999999999829e+01
1.750000000000000000e+01
1.753999999999999915e+01
1.758999999999999986e+01
1.757999999999999829e+01
1.758999999999999986e+01
1.755000000000000071e+01
1.753999999999999915e+01
1.755000000000000071e+01
1.753000000000000114e+01
1.753000000000000114e+01
1.753999999999999915e+01
1.751999999999999957e+01
1.751000000000000156e+01
1.750000000000000000e+01
1.742000000000000171e+01
1.739000000000000057e+01
1.744999999999999929e+01
1.744999999999999929e+01
1.739999999999999858e+01
1.744999999999999929e+01
1.748000000000000043e+01
1.757000000000000028e+01
1.757999999999999829e+01
1.757999999999999829e+01
1.760999999999999943e+01
1.760999999999999943e+01
1.760999999999999943e+01
1.764999999999999858e+01
1.762999999999999901e+01
1.762000000000000099e+01
1.771999999999999886e+01
1.775000000000000000e+01
1.778999999999999915e+01
1.782999999999999829e+01
1.778999999999999915e+01
1.780999999999999872e+01
1.776999999999999957e+01
1.778000000000000114e+01
1.778999999999999915e+01
1.773000000000000043e+01
1.773999999999999844e+01
1.776000000000000156e+01
1.773000000000000043e+01
1.773999999999999844e+01
1.771000000000000085e+01
1.773000000000000043e+01
1.771000000000000085e+01
1.773999999999999844e+01
1.773000000000000043e+01
1.789999999999999858e+01
1.789000000000000057e+01
1.787999999999999901e+01
1.787999999999999901e+01
1.792000000000000171e+01
1.789000000000000057e+01
1.787999999999999901e+01
1.791000000000000014e+01
1.792999999999999972e+01
1.798999999999999844e+01
1.801000000000000156e+01
1.801000000000000156e+01
1.803999999999999915e+01
1.807000000000000028e+01
1.801000000000000156e+01
1.794999999999999929e+01
1.798000000000000043e+01
1.796000000000000085e+01
1.785999999999999943e+01
1.785999999999999943e+01
1.792000000000000171e+01
1.796000000000000085e+01
1.794999999999999929e+01
1.791000000000000014e+01
1.789999999999999858e+01
1.789999999999999858e+01
1.789999999999999858e+01
1.783999999999999986e+01
1.780999999999999872e+01
1.778999999999999915e+01
1.780000000000000071e+01
1.778000000000000114e+01
1.773999999999999844e+01
1.794999999999999929e+01
1.794999999999999929e+01
1.796000000000000085e+01
1.807999999999999829e+01
1.803999999999999915e+01
1.805999999999999872e+01
1.808999999999999986e+01
1.814999999999999858e+01
1.817999999999999972e+01
1.825000000000000000e+01
1.821999999999999886e+01
1.826999999999999957e+01
1.823000000000000043e+01
1.830000000000000071e+01
1.826999999999999957e+01
1.823999999999999844e+01
1.817000000000000171e+01
1.819999999999999929e+01
1.826999999999999957e+01
1.821000000000000085e+01
1.805999999999999872e+01
1.807000000000000028e+01
1.810000000000000142e+01
1.810000000000000142e+01
1.810000000000000142e+01
1.810000000000000142e+01
1.805999999999999872e+01
1.805999999999999872e+01
1.801999999999999957e+01
1.800000000000000000e+01
1.801000000000000156e+01
1.796999999999999886e+01
1.807000000000000028e+01
1.812000000000000099e+01
1.810000000000000142e+01
1.808999999999999986e+01
1.814000000000000057e+01
1.808999999999999986e+01
1.801999999999999957e+01
1.803000000000000114e+01
1.803999999999999915e+01
1.791000000000000014e+01
1.789999999999999858e+01
1.789999999999999858e+01
1.782999999999999829e+01
1.773999999999999844e+01
1.773000000000000043e+01
1.776000000000000156e+01
1.776999999999999957e+01
1.776999999999999957e+01
1.771000000000000085e+01
1.769999999999999929e+01
1.773999999999999844e+01
1.771999999999999886e+01
1.773000000000000043e+01
1.771000000000000085e+01
1.751999999999999957e+01
1.757999999999999829e+01
1.758999999999999986e+01
1.750000000000000000e+01
1.751000000000000156e+01
1.748000000000000043e+01
1.751999999999999957e+01
1.751000000000000156e+01
1.751000000000000156e+01
1.751000000000000156e+01
1.753999999999999915e+01
1.748999999999999844e+01
1.748000000000000043e+01
1.744999999999999929e+01
1.746999999999999886e+01
1.726999999999999957e+01
1.725000000000000000e+01
1.710999999999999943e+01
1.710000000000000142e+01
1.710999999999999943e+01
1.710999999999999943e+01
1.694000000000000128e+01
1.692000000000000171e+01
1.685999999999999943e+01
1.687000000000000099e+01
1.691000000000000014e+01
1.692000000000000171e+01
1.691000000000000014e+01
1.687000000000000099e+01
1.701999999999999957e+01
1.698999999999999844e+01
1.696000000000000085e+01
1.694000000000000128e+01
1.687000000000000099e+01
1.692000000000000171e+01
1.692999999999999972e+01
1.694999999999999929e+01
1.694999999999999929e+01
1.701000000000000156e+01
1.701000000000000156e+01
1.698999999999999844e+01
1.698999999999999844e+01
1.701000000000000156e+01
1.705000000000000071e+01
1.698000000000000043e+01
1.694999999999999929e+01
1.696000000000000085e+01
1.682000000000000028e+01
1.689000000000000057e+01
1.687999999999999901e+01
1.687999999999999901e+01
1.691000000000000014e+01
1.687999999999999901e+01
1.687000000000000099e+01
1.685999999999999943e+01
1.683999999999999986e+01
1.687999999999999901e+01
1.689000000000000057e+01
1.689999999999999858e+01
1.691000000000000014e+01
1.696999999999999886e+01
1.696999999999999886e+01
1.698000000000000043e+01
1.701999999999999957e+01
1.717000000000000171e+01
1.714000000000000057e+01
1.710999999999999943e+01
1.714000000000000057e+01
1.710000000000000142e+01
1.700000000000000000e+01
1.705999999999999872e+01
1.707999999999999829e+01
1.712000000000000099e+01
1.714999999999999858e+01
1.714999999999999858e+01
1.721000000000000085e+01
1.717999999999999972e+01
1.707999999999999829e+01
1.701999999999999957e+01
1.701000000000000156e+01
1.698000000000000043e+01
1.701999999999999957e+01
1.701000000000000156e+01
1.701999999999999957e+01
1.701000000000000156e+01
1.714000000000000057e+01
1.712999999999999901e+01
1.710999999999999943e+01
1.712999999999999901e+01
1.723000000000000043e+01
1.712999999999999901e+01
1.708999999999999986e+01
1.708999999999999986e+01
1.707000000000000028e+01
1.707000000000000028e+01
1.698000000000000043e+01
1.694999999999999929e+01
1.692000000000000171e+01
1.696999999999999886e+01
1.687000000000000099e+01
1.707000000000000028e+01
1.703000000000000114e+01
1.703999999999999915e+01
1.712999999999999901e+01
1.707999999999999829e+01
1.708999999999999986e+01
1.710000000000000142e+01
1.707000000000000028e+01
1.703999999999999915e+01
1.700000000000000000e+01
1.687000000000000099e+01
1.694999999999999929e+01
1.689000000000000057e+01
1.691000000000000014e+01
1.692000000000000171e+01
1.710000000000000142e+01
1.700000000000000000e+01
1.714000000000000057e+01
1.712999999999999901e+01
1.710999999999999943e+01
1.707000000000000028e+01
1.721000000000000085e+01
1.726000000000000156e+01
1.728000000000000114e+01
1.726000000000000156e+01
1.714999999999999858e+01
1.703999999999999915e+01
1.691000000000000014e+01
1.694999999999999929e+01
1.694000000000000128e+01
1.696000000000000085e+01
1.692000000000000171e+01
1.694999999999999929e+01
1.705999999999999872e+01
1.707000000000000028e+01
1.707999999999999829e+01
1.703999999999999915e+01
1.694000000000000128e+01
1.692000000000000171e+01
1.696999999999999886e+01
1.696999999999999886e+01
1.696999999999999886e+01
1.689000000000000057e+01
1.687000000000000099e+01
1.692999999999999972e+01
1.694999999999999929e+01
1.698999999999999844e+01
1.714000000000000057e+01
1.714000000000000057e+01
1.712000000000000099e+01
1.710999999999999943e+01
1.710000000000000142e+01
1.712999999999999901e+01
1.692999999999999972e+01
1.696000000000000085e+01
1.689000000000000057e+01
1.685999999999999943e+01
1.685000000000000142e+01
1.687000000000000099e+01
1.689000000000000057e+01
1.685999999999999943e+01
1.685000000000000142e+01
1.680000000000000071e+01
1.678999999999999915e+01
1.673999999999999844e+01
1.675000000000000000e+01
1.673000000000000043e+01
1.669999999999999929e+01
1.673999999999999844e+01
1.678999999999999915e+01
1.682000000000000028e+01
1.682000000000000028e+01
1.680999999999999872e+01
1.680999999999999872e+01
1.680999999999999872e+01
1.678999999999999915e+01
1.680999999999999872e+01
1.673000000000000043e+01
1.680999999999999872e+01
1.682000000000000028e+01
1.685000000000000142e+01
1.682999999999999829e+01
1.687000000000000099e+01
1.685999999999999943e+01
1.685000000000000142e+01
1.682999999999999829e+01
1.676999999999999957e+01
1.675000000000000000e+01
1.678000000000000114e+01
1.675000000000000000e+01
1.685999999999999943e+01
1.689999999999999858e+01
1.685999999999999943e+01
1.687999999999999901e+01
1.689999999999999858e+01
1.698999999999999844e+01
1.701000000000000156e+01
1.705999999999999872e+01
1.701999999999999957e+01
1.712999999999999901e+01
1.714000000000000057e+01
1.717000000000000171e+01
1.705000000000000071e+01
1.703000000000000114e+01
1.710999999999999943e+01
1.710999999999999943e+01
1.710000000000000142e+01
1.710999999999999943e+01
1.714000000000000057e+01
1.714000000000000057e+01
1.726000000000000156e+01
1.726000000000000156e+01
1.730999999999999872e+01
1.721000000000000085e+01
1.714999999999999858e+01
1.714999999999999858e+01
1.728000000000000114e+01
1.726999999999999957e+01
1.728999999999999915e+01
1.732000000000000028e+01
1.735000000000000142e+01
1.735999999999999943e+01
1.730999999999999872e+01
1.728999999999999915e+01
1.730999999999999872e+01
1.744999999999999929e+01
1.762000000000000099e+01
1.776000000000000156e+01
1.778999999999999915e+01
1.773000000000000043e+01
1.771999999999999886e+01
1.773999999999999844e+01
1.771000000000000085e+01
1.767999999999999972e+01
1.767000000000000171e+01
1.764000000000000057e+01
1.760999999999999943e+01
1.771000000000000085e+01
1.767999999999999972e+01
1.764999999999999858e+01
1.769000000000000128e+01
1.767999999999999972e+01
1.773999999999999844e+01
1.775000000000000000e+01
1.773000000000000043e+01
1.775000000000000000e+01
1.769999999999999929e+01
1.767999999999999972e+01
1.757000000000000028e+01
1.758999999999999986e+01
1.751999999999999957e+01
1.750000000000000000e+01
1.751000000000000156e+01
1.771000000000000085e+01
1.771000000000000085e+01
1.778000000000000114e+01
1.780999999999999872e+01
1.780999999999999872e+01
1.780999999999999872e+01
1.775000000000000000e+01
1.778000000000000114e+01
1.769999999999999929e+01
1.767000000000000171e+01
1.767999999999999972e+01
1.769999999999999929e+01
1.769000000000000128e+01
1.767999999999999972e+01
1.771999999999999886e+01
1.771000000000000085e+01
1.776999999999999957e+01
1.771999999999999886e+01
1.767999999999999972e+01
1.767000000000000171e+01
1.758999999999999986e+01
1.755000000000000071e+01
1.755000000000000071e+01
1.755999999999999872e+01
1.773000000000000043e+01
1.764000000000000057e+01
1.764999999999999858e+01
1.762999999999999901e+01
1.762999999999999901e+01
1.764999999999999858e+01
1.753999999999999915e+01
1.744999999999999929e+01
1.739000000000000057e+01
1.742999999999999972e+01
1.751000000000000156e+01
1.751000000000000156e+01
1.751000000000000156e+01
1.751999999999999957e+01
1.751000000000000156e+01
1.753000000000000114e+01
1.755000000000000071e+01
1.760000000000000142e+01
1.760000000000000142e+01
1.755999999999999872e+01
1.755999999999999872e+01
1.757000000000000028e+01
1.757999999999999829e+01
1.753999999999999915e+01
1.755000000000000071e+01
1.767000000000000171e+01
1.769000000000000128e+01
1.766000000000000014e+01
1.762000000000000099e+01
1.760000000000000142e+01
1.760000000000000142e+01
1.757000000000000028e+01
1.760999999999999943e+01
1.762000000000000099e+01
1.750000000000000000e+01
1.735000000000000142e+01
1.746999999999999886e+01
1.753000000000000114e+01
1.753999999999999915e+01
1.755999999999999872e+01
1.748999999999999844e+01
1.741000000000000014e+01
1.739999999999999858e+01
1.739999999999999858e+01
1.741000000000000014e+01
1.746999999999999886e+01
1.746999999999999886e+01
1.746999999999999886e+01
1.744999999999999929e+01
1.742000000000000171e+01
1.741000000000000014e+01
1.739999999999999858e+01
1.744999999999999929e+01
1.744000000000000128e+01
1.746999999999999886e+01
1.746999999999999886e+01
1.746999999999999886e+01
1.748000000000000043e+01
1.748000000000000043e+01
1.755000000000000071e+01
1.753999999999999915e+01
1.755000000000000071e+01
1.755999999999999872e+01
1.751999999999999957e+01
1.753999999999999915e+01
1.748999999999999844e+01
1.750000000000000000e+01
1.753000000000000114e+01
1.753000000000000114e+01
1.753000000000000114e+01
1.753999999999999915e+01
1.760999999999999943e+01
1.753999999999999915e+01
1.757999999999999829e+01
1.751000000000000156e+01
1.744999999999999929e+01
1.741000000000000014e+01
1.739000000000000057e+01
1.739999999999999858e+01
1.737000000000000099e+01
1.730999999999999872e+01
1.730999999999999872e+01
1.730999999999999872e+01
1.730999999999999872e+01
1.735999999999999943e+01
1.739999999999999858e+01
1.737000000000000099e+01
1.739999999999999858e+01
1.741000000000000014e+01
1.744999999999999929e+01
1.744000000000000128e+01
1.742000000000000171e+01
1.741000000000000014e+01
1.744999999999999929e+01
1.748000000000000043e+01
1.750000000000000000e+01
1.757000000000000028e+01
1.760000000000000142e+01
1.760999999999999943e+01
1.753999999999999915e+01
1.751999999999999957e+01
1.757000000000000028e+01
1.755999999999999872e+01
1.751999999999999957e+01
1.748000000000000043e+01
1.742999999999999972e+01
1.751999999999999957e+01
1.762999999999999901e+01
1.771999999999999886e+01
1.775000000000000000e+01
1.771000000000000085e+01
1.769000000000000128e+01
1.771999999999999886e+01
1.771000000000000085e+01
1.771999999999999886e+01
1.775000000000000000e+01
1.773000000000000043e+01
1.771999999999999886e+01
1.758999999999999986e+01
1.762999999999999901e+01
1.757000000000000028e+01
1.758999999999999986e+01
1.757999999999999829e+01
1.762000000000000099e+01
1.760000000000000142e+01
1.758999999999999986e+01
1.748000000000000043e+01
1.748000000000000043e+01
1.753000000000000114e+01
1.755999999999999872e+01
1.757000000000000028e+01
1.762000000000000099e+01
1.760999999999999943e+01
1.760999999999999943e+01
1.773999999999999844e+01
1.789999999999999858e+01
1.789999999999999858e+01
1.787000000000000099e+01
1.787000000000000099e+01
1.785999999999999943e+01
1.787999999999999901e+01
1.796999999999999886e+01
1.798000000000000043e+01
1.798000000000000043e+01
1.798999999999999844e+01
1.792999999999999972e+01
1.789999999999999858e+01
1.789999999999999858e+01
1.785000000000000142e+01
1.787999999999999901e+01
1.787000000000000099e+01
1.776999999999999957e+01
1.780000000000000071e+01
1.771999999999999886e+01
1.773000000000000043e+01
1.776000000000000156e+01
1.776000000000000156e+01
1.767000000000000171e+01
1.767999999999999972e+01
1.769000000000000128e+01
1.771999999999999886e+01
1.771000000000000085e+01
1.773000000000000043e+01
1.776999999999999957e+01
1.776000000000000156e+01
1.771000000000000085e+01
1.766000000000000014e+01
1.762999999999999901e+01
1.760999999999999943e+01
1.748999999999999844e+01
1.748999999999999844e+01
1.751000000000000156e+01
1.757000000000000028e+01
1.757999999999999829e+01
1.766000000000000014e+01
1.762999999999999901e+01
1.769000000000000128e+01
1.769000000000000128e+01
1.764000000000000057e+01
1.767000000000000171e+01
1.773999999999999844e+01
1.771999999999999886e+01
1.776000000000000156e+01
1.776999999999999957e+01
1.780999999999999872e+01
1.782999999999999829e+01
1.787999999999999901e+01
1.787999999999999901e+01
1.789999999999999858e+01
1.787000000000000099e+01
1.785999999999999943e+01
1.787999999999999901e+01
1.787000000000000099e+01
1.785999999999999943e+01
1.787000000000000099e+01
1.783999999999999986e+01
1.773999999999999844e+01
1.771999999999999886e+01
1.771999999999999886e+01
1.776999999999999957e+01
1.780000000000000071e+01
1.783999999999999986e+01
1.785000000000000142e+01
1.789999999999999858e+01
1.798000000000000043e+01
1.805000000000000071e+01
1.807000000000000028e+01
1.800000000000000000e+01
1.796999999999999886e+01
1.792000000000000171e+01
1.792999999999999972e+01
1.794999999999999929e+01
1.794000000000000128e+01
1.794000000000000128e+01
1.794000000000000128e+01
1.782999999999999829e+01
1.780999999999999872e+01
1.782000000000000028e+01
1.792999999999999972e+01
1.792999999999999972e+01
1.801000000000000156e+01
1.798999999999999844e+01
1.800000000000000000e+01
1.801000000000000156e+01
1.796999999999999886e+01
1.792000000000000171e+01
1.801000000000000156e+01
1.798999999999999844e+01
1.800000000000000000e+01
1.787999999999999901e+01
1.787000000000000099e+01
1.785999999999999943e+01
1.787000000000000099e+01
1.785999999999999943e+01
1.782999999999999829e+01
1.780000000000000071e+01
1.778999999999999915e+01
1.778999999999999915e+01
1.776000000000000156e+01
1.773000000000000043e+01
1.773999999999999844e+01
1.767999999999999972e+01
1.764000000000000057e+01
1.755999999999999872e+01
1.751000000000000156e+01
1.753000000000000114e+01
1.751000000000000156e+01
1.750000000000000000e+01
1.753999999999999915e+01
1.753999999999999915e+01
1.755999999999999872e+01
1.767000000000000171e+01
1.764000000000000057e+01
1.773999999999999844e+01
1.771000000000000085e+01
1.767999999999999972e+01
1.771999999999999886e+01
1.780000000000000071e+01
1.782000000000000028e+01
1.771000000000000085e+01
1.766000000000000014e+01
1.769000000000000128e+01
1.766000000000000014e+01
1.764000000000000057e+01
1.760000000000000142e+01
1.771000000000000085e+01
1.748999999999999844e+01
1.746999999999999886e+01
1.746999999999999886e+01
1.766000000000000014e+01
1.764999999999999858e+01
1.767000000000000171e+01
1.762999999999999901e+01
